99 993 001
2 1 3 1 4 1 5 1 6 1 7 1 8 1 9 1 10 1 11 1 12 1 13 1 14 1 15 1 16 1 17 1 18 1 19 1 20 1 21 1 22 1 23 1 24 1 25 2 26 1 27 1 37 1 38 1 39 1 84 1 85 1 29 1 86 1 87 1 88 1 89 1 90 1 91 1 92 1 93 1 94 1 95 1 96 1 97 1 98 1 99 1 
1 1 3 1 4 1 5 1 6 1 7 1 8 1 9 1 10 1 11 1 12 1 13 1 14 1 15 1 16 1 17 1 18 1 19 1 20 1 21 1 22 1 23 1 24 1 
1 1 2 1 4 2 5 2 6 1 7 1 8 1 9 1 10 1 11 1 12 1 13 1 14 1 15 1 16 1 17 1 18 1 19 1 20 1 21 1 22 1 23 1 24 2 28 1 29 1 30 1 31 1 32 1 33 1 34 1 35 1 36 1 
1 1 2 1 3 2 5 2 6 1 7 1 8 1 9 1 10 1 11 1 12 1 13 1 14 1 15 1 16 1 17 1 18 1 19 1 20 1 21 1 22 1 23 1 24 2 28 3 29 3 30 3 31 3 32 3 33 3 34 3 35 3 36 3 68 2 
1 1 2 1 3 2 4 2 6 1 7 1 8 1 9 1 10 1 11 1 12 1 13 1 14 1 15 1 16 1 17 1 18 1 19 1 20 1 21 1 22 1 23 1 24 2 28 1 29 1 30 1 31 1 32 1 33 1 34 1 35 1 36 1 
1 1 2 1 3 1 4 1 5 1 7 1 8 1 9 1 10 1 11 1 12 1 13 1 14 1 15 1 16 1 17 1 18 1 19 1 20 1 21 1 22 1 23 1 24 1 
1 1 2 1 3 1 4 1 5 1 6 1 8 1 9 1 10 1 11 1 12 1 13 1 14 1 15 1 16 1 17 1 18 1 19 1 20 1 21 1 22 1 23 1 24 1 
1 1 2 1 3 1 4 1 5 1 6 1 7 1 9 1 10 1 11 1 12 1 13 1 14 1 15 1 16 1 17 1 18 1 19 1 20 1 21 1 22 1 23 1 24 1 
1 1 2 1 3 1 4 1 5 1 6 1 7 1 8 1 10 1 11 1 12 1 13 1 14 1 15 1 16 1 17 1 18 1 19 1 20 1 21 1 22 1 23 1 24 1 
1 1 2 1 3 1 4 1 5 1 6 1 7 1 8 1 9 1 11 1 12 1 13 1 14 1 15 1 16 1 17 1 18 1 19 1 20 1 21 1 22 1 23 1 24 1 
1 1 2 1 3 1 4 1 5 1 6 1 7 1 8 1 9 1 10 1 12 1 13 1 14 1 15 1 16 1 17 1 18 1 19 1 20 1 21 1 22 1 23 1 24 1 
1 1 2 1 3 1 4 1 5 1 6 1 7 1 8 1 9 1 10 1 11 1 13 1 14 1 15 1 16 1 17 1 18 1 19 1 20 1 21 1 22 1 23 1 24 1 
1 1 2 1 3 1 4 1 5 1 6 1 7 1 8 1 9 1 10 1 11 1 12 1 14 1 15 1 16 1 17 1 18 1 19 1 20 1 21 1 22 1 23 1 24 1 
1 1 2 1 3 1 4 1 5 1 6 1 7 1 8 1 9 1 10 1 11 1 12 1 13 1 15 1 16 1 17 1 18 1 19 1 20 1 21 1 22 1 23 1 24 1 
1 1 2 1 3 1 4 1 5 1 6 1 7 1 8 1 9 1 10 1 11 1 12 1 13 1 14 1 16 1 17 1 18 1 19 1 20 1 21 1 22 1 23 1 24 1 
1 1 2 1 3 1 4 1 5 1 6 1 7 1 8 1 9 1 10 1 11 1 12 1 13 1 14 1 15 1 17 1 18 1 19 1 20 1 21 1 22 1 23 1 24 1 
1 1 2 1 3 1 4 1 5 1 6 1 7 1 8 1 9 1 10 1 11 1 12 1 13 1 14 1 15 1 16 1 18 1 19 1 20 1 21 1 22 1 23 1 24 1 
1 1 2 1 3 1 4 1 5 1 6 1 7 1 8 1 9 1 10 1 11 1 12 1 13 1 14 1 15 1 16 1 17 1 19 1 20 1 21 1 22 1 23 1 24 1 
1 1 2 1 3 1 4 1 5 1 6 1 7 1 8 1 9 1 10 1 11 1 12 1 13 1 14 1 15 1 16 1 17 1 18 1 20 1 21 1 22 1 23 1 24 1 
1 1 2 1 3 1 4 1 5 1 6 1 7 1 8 1 9 1 10 1 11 1 12 1 13 1 14 1 15 1 16 1 17 1 18 1 19 1 21 1 22 1 23 1 24 1 
1 1 2 1 3 1 4 1 5 1 6 1 7 1 8 1 9 1 10 1 11 1 12 1 13 1 14 1 15 1 16 1 17 1 18 1 19 1 20 1 22 1 23 1 24 1 
1 1 2 1 3 1 4 1 5 1 6 1 7 1 8 1 9 1 10 1 11 1 12 1 13 1 14 1 15 1 16 1 17 1 18 1 19 1 20 1 21 1 23 1 24 1 
1 1 2 1 3 1 4 1 5 1 6 1 7 1 8 1 9 1 10 1 11 1 12 1 13 1 14 1 15 1 16 1 17 1 18 1 19 1 20 1 21 1 22 1 24 1 
1 1 2 1 3 2 4 2 5 2 6 1 7 1 8 1 9 1 10 1 11 1 12 1 13 1 14 1 15 1 16 1 17 1 18 1 19 1 20 1 21 1 22 1 23 1 28 1 29 1 30 1 31 1 32 1 33 1 34 1 35 1 36 1 
1 2 26 1 27 1 98 1 99 1 
1 1 25 1 27 1 
1 1 25 1 26 1 
29 3 4 3 5 1 24 1 3 1 30 3 31 3 32 3 33 3 34 3 35 3 36 3 68 2 
28 3 4 3 5 1 24 1 3 1 30 3 31 3 32 3 33 3 34 3 35 3 36 3 68 2 1 1 84 1 85 1 86 1 87 1 88 1 89 1 90 1 91 1 92 1 93 1 94 1 95 1 96 1 97 1 
28 3 29 3 4 3 5 1 24 1 3 1 31 3 32 3 33 3 34 3 35 3 36 3 68 2 
28 3 29 3 4 3 5 1 24 1 3 1 30 3 32 3 33 3 34 3 35 3 36 3 68 2 
28 3 29 3 4 3 5 1 24 1 3 1 30 3 31 3 33 3 34 3 35 3 36 3 68 2 
28 3 29 3 4 3 5 1 24 1 3 1 30 3 31 3 32 3 34 3 35 3 36 3 68 2 
28 3 29 3 4 3 5 1 24 1 3 1 30 3 31 3 32 3 33 3 35 3 36 3 68 2 
28 3 29 3 4 3 5 1 24 1 3 1 30 3 31 3 32 3 33 3 34 3 36 3 68 2 
28 3 29 3 4 3 5 1 24 1 3 1 30 3 31 3 32 3 33 3 34 3 35 3 68 2 
1 1 38 1 39 1 
1 1 37 1 39 1 
1 1 37 1 38 1 
41 1 42 1 43 1 44 1 45 1 46 1 47 1 48 1 49 1 50 1 51 1 52 1 53 1 54 1 55 1 56 1 57 1 58 1 59 1 60 1 61 1 62 1 63 1 64 1 65 1 66 1 67 1 69 1 70 1 71 1 72 1 73 1 74 1 75 1 76 1 77 1 78 1 79 1 80 1 81 1 82 1 83 1 
40 1 42 1 43 1 44 1 45 1 46 1 47 1 48 1 49 1 50 1 51 1 52 1 53 1 54 1 55 1 56 1 57 1 58 1 59 1 60 1 61 1 62 1 63 1 64 1 65 1 66 1 67 1 
40 1 41 1 43 1 44 1 45 1 46 1 47 1 48 1 49 1 50 1 51 1 52 1 53 1 54 1 55 1 56 1 57 1 58 1 59 1 60 1 61 1 62 1 63 1 64 1 65 1 66 1 67 1 
40 1 41 1 42 1 44 1 45 1 46 1 47 1 48 1 49 1 50 1 51 1 52 1 53 1 54 1 55 1 56 1 57 1 58 1 59 1 60 1 61 1 62 1 63 1 64 1 65 1 66 1 67 1 
40 1 41 1 42 1 43 1 45 1 46 1 47 1 48 1 49 1 50 1 51 1 52 1 53 1 54 1 55 1 56 1 57 1 58 1 59 1 60 1 61 1 62 1 63 1 64 1 65 1 66 1 67 1 
40 1 41 1 42 1 43 1 44 1 46 1 47 1 48 1 49 1 50 1 51 1 52 1 53 1 54 1 55 1 56 1 57 1 58 1 59 1 60 1 61 1 62 1 63 1 64 1 65 1 66 1 67 1 
40 1 41 1 42 1 43 1 44 1 45 1 47 1 48 1 49 1 50 1 51 1 52 1 53 1 54 1 55 1 56 1 57 1 58 1 59 1 60 1 61 1 62 1 63 1 64 1 65 1 66 1 67 1 
40 1 41 1 42 1 43 1 44 1 45 1 46 1 48 1 49 1 50 1 51 1 52 1 53 1 54 1 55 1 56 1 57 1 58 1 59 1 60 1 61 1 62 1 63 1 64 1 65 1 66 1 67 1 
40 1 41 1 42 1 43 1 44 1 45 1 46 1 47 1 49 1 50 1 51 1 52 1 53 1 54 1 55 1 56 1 57 1 58 1 59 1 60 1 61 1 62 1 63 1 64 1 65 1 66 1 67 1 
40 1 41 1 42 1 43 1 44 1 45 1 46 1 47 1 48 1 50 1 51 1 52 1 53 1 54 1 55 1 56 1 57 1 58 1 59 1 60 1 61 1 62 1 63 1 64 1 65 1 66 1 67 1 
40 1 41 1 42 1 43 1 44 1 45 1 46 1 47 1 48 1 49 1 51 1 52 1 53 1 54 1 55 1 56 1 57 1 58 1 59 1 60 1 61 1 62 1 63 1 64 1 65 1 66 1 67 1 
40 1 41 1 42 1 43 1 44 1 45 1 46 1 47 1 48 1 49 1 50 1 52 1 53 1 54 1 55 1 56 1 57 1 58 1 59 1 60 1 61 1 62 1 63 1 64 1 65 1 66 1 67 1 
40 1 41 1 42 1 43 1 44 1 45 1 46 1 47 1 48 1 49 1 50 1 51 1 53 1 54 1 55 1 56 1 57 1 58 1 59 1 60 1 61 1 62 1 63 1 64 1 65 1 66 1 67 1 
40 1 41 1 42 1 43 1 44 1 45 1 46 1 47 1 48 1 49 1 50 1 51 1 52 1 54 1 55 1 56 1 57 1 58 1 59 1 60 1 61 1 62 1 63 1 64 1 65 1 66 1 67 1 
40 1 41 1 42 1 43 1 44 1 45 1 46 1 47 1 48 1 49 1 50 1 51 1 52 1 53 1 55 1 56 1 57 1 58 1 59 1 60 1 61 1 62 1 63 1 64 1 65 1 66 1 67 1 
40 1 41 1 42 1 43 1 44 1 45 1 46 1 47 1 48 1 49 1 50 1 51 1 52 1 53 1 54 1 56 1 57 1 58 1 59 1 60 1 61 1 62 1 63 1 64 1 65 1 66 1 67 1 
40 1 41 1 42 1 43 1 44 1 45 1 46 1 47 1 48 1 49 1 50 1 51 1 52 1 53 1 54 1 55 1 57 1 58 1 59 1 60 1 61 1 62 1 63 1 64 1 65 1 66 1 67 1 
40 1 41 1 42 1 43 1 44 1 45 1 46 1 47 1 48 1 49 1 50 1 51 1 52 1 53 1 54 1 55 1 56 1 58 1 59 1 60 1 61 1 62 1 63 1 64 1 65 1 66 1 67 1 
40 1 41 1 42 1 43 1 44 1 45 1 46 1 47 1 48 1 49 1 50 1 51 1 52 1 53 1 54 1 55 1 56 1 57 1 59 1 60 1 61 1 62 1 63 1 64 1 65 1 66 1 67 1 
40 1 41 1 42 1 43 1 44 1 45 1 46 1 47 1 48 1 49 1 50 1 51 1 52 1 53 1 54 1 55 1 56 1 57 1 58 1 60 1 61 1 62 1 63 1 64 1 65 1 66 1 67 1 
40 1 41 1 42 1 43 1 44 1 45 1 46 1 47 1 48 1 49 1 50 1 51 1 52 1 53 1 54 1 55 1 56 1 57 1 58 1 59 1 61 1 62 1 63 1 64 1 65 1 66 1 67 1 
40 1 41 1 42 1 43 1 44 1 45 1 46 1 47 1 48 1 49 1 50 1 51 1 52 1 53 1 54 1 55 1 56 1 57 1 58 1 59 1 60 1 62 1 63 1 64 1 65 1 66 1 67 1 
40 1 41 1 42 1 43 1 44 1 45 1 46 1 47 1 48 1 49 1 50 1 51 1 52 1 53 1 54 1 55 1 56 1 57 1 58 1 59 1 60 1 61 1 63 1 64 1 65 1 66 1 67 1 
40 1 41 1 42 1 43 1 44 1 45 1 46 1 47 1 48 1 49 1 50 1 51 1 52 1 53 1 54 1 55 1 56 1 57 1 58 1 59 1 60 1 61 1 62 1 64 1 65 1 66 1 67 1 
40 1 41 1 42 1 43 1 44 1 45 1 46 1 47 1 48 1 49 1 50 1 51 1 52 1 53 1 54 1 55 1 56 1 57 1 58 1 59 1 60 1 61 1 62 1 63 1 65 1 66 1 67 1 
40 1 41 1 42 1 43 1 44 1 45 1 46 1 47 1 48 1 49 1 50 1 51 1 52 1 53 1 54 1 55 1 56 1 57 1 58 1 59 1 60 1 61 1 62 1 63 1 64 1 66 1 67 1 
40 1 41 1 42 1 43 1 44 1 45 1 46 1 47 1 48 1 49 1 50 1 51 1 52 1 53 1 54 1 55 1 56 1 57 1 58 1 59 1 60 1 61 1 62 1 63 1 64 1 65 1 67 1 
40 1 41 1 42 1 43 1 44 1 45 1 46 1 47 1 48 1 49 1 50 1 51 1 52 1 53 1 54 1 55 1 56 1 57 1 58 1 59 1 60 1 61 1 62 1 63 1 64 1 65 1 66 1 
28 2 29 2 4 2 30 2 31 2 32 2 33 2 34 2 35 2 36 2 
40 1 70 1 71 1 72 1 73 1 74 1 75 1 76 1 77 1 78 1 79 1 80 1 81 1 82 1 83 1 
40 1 69 1 71 1 72 1 73 1 74 1 75 1 76 1 77 1 78 1 79 1 80 1 81 1 82 1 83 1 
40 1 69 1 70 1 72 1 73 1 74 1 75 1 76 1 77 1 78 1 79 1 80 1 81 1 82 1 83 1 
40 1 69 1 70 1 71 1 73 1 74 1 75 1 76 1 77 1 78 1 79 1 80 1 81 1 82 1 83 1 
40 1 69 1 70 1 71 1 72 1 74 1 75 1 76 1 77 1 78 1 79 1 80 1 81 1 82 1 83 1 
40 1 69 1 70 1 71 1 72 1 73 1 75 1 76 1 77 1 78 1 79 1 80 1 81 1 82 1 83 1 
40 1 69 1 70 1 71 1 72 1 73 1 74 1 76 1 77 1 78 1 79 1 80 1 81 1 82 1 83 1 
40 1 69 1 70 1 71 1 72 1 73 1 74 1 75 1 77 1 78 1 79 1 80 1 81 1 82 1 83 1 
40 1 69 1 70 1 71 1 72 1 73 1 74 1 75 1 76 1 78 1 79 1 80 1 81 1 82 1 83 1 
40 1 69 1 70 1 71 1 72 1 73 1 74 1 75 1 76 1 77 1 79 1 80 1 81 1 82 1 83 1 
40 1 69 1 70 1 71 1 72 1 73 1 74 1 75 1 76 1 77 1 78 1 80 1 81 1 82 1 83 1 
40 1 69 1 70 1 71 1 72 1 73 1 74 1 75 1 76 1 77 1 78 1 79 1 81 1 82 1 83 1 
40 1 69 1 70 1 71 1 72 1 73 1 74 1 75 1 76 1 77 1 78 1 79 1 80 1 82 1 83 1 
40 1 69 1 70 1 71 1 72 1 73 1 74 1 75 1 76 1 77 1 78 1 79 1 80 1 81 1 83 1 
40 1 69 1 70 1 71 1 72 1 73 1 74 1 75 1 76 1 77 1 78 1 79 1 80 1 81 1 82 1 
1 1 85 1 29 1 86 1 87 1 88 1 89 1 90 1 91 1 92 1 93 1 94 1 95 1 96 1 97 1 
1 1 84 1 29 1 86 1 87 1 88 1 89 1 90 1 91 1 92 1 93 1 94 1 95 1 96 1 97 1 
1 1 84 1 85 1 29 1 87 1 88 1 89 1 90 1 91 1 92 1 93 1 94 1 95 1 96 1 97 1 
1 1 84 1 85 1 29 1 86 1 88 1 89 1 90 1 91 1 92 1 93 1 94 1 95 1 96 1 97 1 
1 1 84 1 85 1 29 1 86 1 87 1 89 1 90 1 91 1 92 1 93 1 94 1 95 1 96 1 97 1 
1 1 84 1 85 1 29 1 86 1 87 1 88 1 90 1 91 1 92 1 93 1 94 1 95 1 96 1 97 1 
1 1 84 1 85 1 29 1 86 1 87 1 88 1 89 1 91 1 92 1 93 1 94 1 95 1 96 1 97 1 
1 1 84 1 85 1 29 1 86 1 87 1 88 1 89 1 90 1 92 1 93 1 94 1 95 1 96 1 97 1 
1 1 84 1 85 1 29 1 86 1 87 1 88 1 89 1 90 1 91 1 93 1 94 1 95 1 96 1 97 1 
1 1 84 1 85 1 29 1 86 1 87 1 88 1 89 1 90 1 91 1 92 1 94 1 95 1 96 1 97 1 
1 1 84 1 85 1 29 1 86 1 87 1 88 1 89 1 90 1 91 1 92 1 93 1 95 1 96 1 97 1 
1 1 84 1 85 1 29 1 86 1 87 1 88 1 89 1 90 1 91 1 92 1 93 1 94 1 96 1 97 1 
1 1 84 1 85 1 29 1 86 1 87 1 88 1 89 1 90 1 91 1 92 1 93 1 94 1 95 1 97 1 
1 1 84 1 85 1 29 1 86 1 87 1 88 1 89 1 90 1 91 1 92 1 93 1 94 1 95 1 96 1 
1 1 25 1 99 1 
1 1 25 1 98 1 
