1 2 3 4 5 6 7 8 9 10 11 12 13 14 15 16 17 18 19 20 21 22 23 24 
1 25 26 27 
1 28 29 30 
1 31 32 33 34 35 36 37 38 39 40 41 42 43 44 45 46 47 48 49 50 51 52 53 54 55 
1 56 57 58 
1 31 59 60 33 61 62 63 64 65 66 67 68 69 70 71 72 73 74 75 76 77 78 79 80 81 82 83 84 85 86 87 88 89 90 53 
1 28 91 92 
1 31 93 94 33 95 96 97 98 99 100 101 102 103 104 105 106 107 108 109 110 51 
1 111 112 113 
1 114 115 116 117 118 119 120 121 122 123 124 125 126 127 128 129 130 131 132 133 134 
1 135 136 137 138 139 140 141 142 143 144 145 146 147 148 149 150 151 
1 114 152 153 
1 135 154 155 137 156 157 158 159 160 161 162 163 164 165 166 167 149 
1 135 168 169 
1 111 170 171 
1 2 172 173 
1 25 174 175 
1 56 176 177 178 179 180 181 182 183 184 185 186 187 188 189 190 191 192 193 194 195 196 197 198 199 200 201 202 203 
1 114 204 205 116 206 207 208 209 210 211 212 213 214 215 216 217 218 219 220 221 222 223 132 
1 31 224 225 33 226 227 228 229 230 231 232 233 234 235 236 237 238 239 240 241 242 243 244 245 246 247 248 249 250 251 252 253 254 255 49 
1 31 256 257 33 258 259 260 261 262 263 264 265 266 267 268 269 270 271 272 273 274 275 276 277 278 279 47 
1 2 280 281 
1 28 282 283 
1 114 284 285 
1 135 286 287 137 288 289 290 291 292 293 294 295 296 297 298 299 300 301 302 303 304 305 306 307 308 309 147 
310 116 205 117 206 132 204 4 5 24 3 177 178 203 176 311 312 313 33 257 34 258 47 256 137 287 138 288 147 286 314 
310 116 315 4 316 177 317 311 312 313 33 318 137 319 314 
1 111 320 321 
1 31 322 323 
1 28 324 325 
310 116 315 4 316 177 317 311 312 313 33 318 137 319 314 
1 135 326 319 137 327 328 329 330 331 332 333 334 335 336 337 338 145 
1 135 339 340 
1 31 341 318 33 342 343 344 345 346 347 348 349 350 351 352 353 354 355 356 357 358 359 360 361 45 
1 362 363 312 364 365 366 367 368 369 370 371 372 373 374 375 
1 25 376 313 377 378 379 380 381 382 383 384 385 386 387 388 389 390 391 392 393 394 395 396 397 398 
1 56 399 317 177 400 401 402 403 404 405 406 407 408 409 410 411 412 413 201 
1 28 414 415 
1 416 417 418 
1 114 419 315 116 420 421 422 423 424 425 426 427 428 429 430 431 432 433 434 435 436 437 130 
1 56 438 439 177 440 441 442 443 444 445 446 447 448 449 450 451 452 453 454 455 456 457 199 
1 114 458 459 
1 31 460 461 
1 111 462 311 463 464 465 466 467 468 469 470 471 472 473 474 475 476 
1 111 477 478 
1 362 479 480 
1 416 481 482 
1 362 483 484 312 485 486 487 488 489 490 491 492 493 494 495 496 497 498 499 500 501 502 503 504 505 506 507 508 373 
1 114 509 510 116 511 512 513 514 515 516 517 518 519 520 521 522 523 524 525 526 527 528 529 530 531 532 533 534 535 536 537 538 539 540 128 
1 362 541 542 
1 2 543 544 
310 116 510 117 511 128 509 4 316 177 439 178 440 199 438 311 463 476 462 312 484 364 485 373 483 313 377 398 376 33 318 34 342 45 341 137 319 138 327 145 326 314 
1 25 545 546 
1 56 547 548 
1 31 549 550 33 551 552 553 554 555 556 557 558 559 560 561 562 563 564 565 566 567 568 43 
1 114 569 570 
310 116 571 4 316 177 572 311 573 312 574 313 575 33 550 34 551 43 549 137 576 314 
1 28 577 578 
1 25 579 580 
1 362 581 582 
1 25 583 575 313 584 585 586 587 588 589 590 591 592 593 594 595 396 
1 25 596 597 
1 362 598 599 
1 111 600 573 311 601 602 603 604 605 606 607 608 609 610 611 612 474 
1 135 613 614 
1 111 615 616 311 617 618 619 620 621 622 623 624 625 626 627 628 629 630 631 632 633 634 635 636 637 638 639 640 472 
1 28 641 642 
1 416 643 310 644 645 646 647 648 649 650 651 652 653 654 655 656 657 658 659 
1 114 660 661 
1 135 662 663 
1 28 664 314 665 666 667 668 669 670 671 672 673 674 675 676 677 678 679 680 681 682 683 684 685 686 687 688 689 690 691 692 693 694 695 696 
1 135 697 576 137 698 699 700 701 702 703 704 705 706 707 708 709 710 711 712 713 714 715 9 716 717 718 719 720 721 722 143 
1 25 723 724 
1 31 725 726 33 727 728 729 730 731 732 733 734 735 736 737 738 739 740 41 
1 28 741 742 314 743 744 745 746 747 748 749 750 751 752 753 754 755 756 757 758 759 760 694 
1 31 761 762 33 763 764 765 766 767 768 769 770 771 772 773 774 775 776 777 778 779 780 781 782 783 784 39 
1 2 785 316 4 786 787 788 789 790 791 792 793 794 795 796 797 798 799 800 801 802 803 804 805 806 807 808 809 810 811 812 813 814 815 816 817 22 
1 416 818 819 
1 2 820 821 4 822 823 824 825 826 827 828 829 830 831 832 833 834 835 836 837 838 839 20 
1 25 840 841 
1 114 842 571 116 843 844 845 846 847 848 849 850 851 852 853 854 855 856 857 858 859 860 861 862 863 864 865 866 867 868 869 870 871 872 873 874 126 
1 31 875 876 33 877 878 879 880 881 882 883 884 885 886 887 888 37 
1 25 889 890 
1 114 891 892 
1 111 893 894 
1 31 895 896 
1 416 897 898 
1 416 899 900 310 901 902 903 904 905 906 907 908 909 910 911 912 913 914 915 916 917 918 919 920 921 922 923 924 657 
1 114 925 926 
1 362 927 574 312 928 929 930 931 932 933 934 935 936 937 938 939 940 941 942 943 944 945 946 947 948 949 950 951 952 953 954 955 956 957 958 959 371 
1 114 960 961 116 962 963 964 965 966 967 968 969 970 971 972 973 974 975 976 977 124 
1 111 978 979 
1 28 980 981 
1 135 982 983 137 984 985 986 987 988 989 990 991 992 993 994 995 996 997 998 999 1000 1001 141 
1 362 1002 1003 312 1004 1005 1006 1007 1008 1009 1010 1011 1012 1013 1014 1015 1016 1017 1018 1019 1020 1021 1022 1023 1024 1025 1026 1027 369 
1 56 1028 572 177 1029 1030 1031 1032 1033 1034 1035 1036 1037 1038 1039 1040 1041 1042 1043 1044 1045 1046 1047 1048 1049 1050 1051 1052 1053 1054 1055 1056 197 
1 362 1057 1058 312 1059 1060 1061 1062 1063 1064 1065 1066 1067 1068 1069 1070 1071 1072 367 
1 56 1073 1074 
1 416 1075 1076 
1 416 1077 1078 310 1079 1080 1081 1082 1083 1084 1085 1086 1087 1088 1089 1090 1091 1092 1093 1094 1095 1096 1097 1098 1099 1100 1101 1102 1103 1104 1105 1106 1107 1108 655 
1 2 1109 1110 
1 114 1111 1112 
1 111 1113 1114 
1 111 1115 1116 
310 1078 644 1079 655 1077 116 961 117 962 124 960 4 821 5 822 20 820 177 572 178 1029 197 1028 311 616 463 617 472 615 312 1058 364 1059 367 1057 313 575 377 584 396 583 33 876 34 877 37 875 137 983 138 984 141 982 314 742 665 743 694 741 
1 111 1117 1118 311 1119 1120 1121 1122 1123 1124 1125 1126 1127 1128 1129 1130 1131 1132 1133 1134 1135 1136 1137 1138 1139 1140 1141 1142 1143 1144 470 
310 1145 116 1146 4 1147 177 1148 311 1118 463 1119 470 1117 312 1149 313 1150 33 1151 137 1152 314 1153 
1 31 1154 1155 
1 25 1156 1157 
1 56 1158 1148 177 1159 1160 1161 1162 1163 1164 1165 1166 1167 1168 1169 1170 1171 1172 1173 1174 1175 1176 1177 1178 195 
1 111 1179 1180 311 1181 1182 1183 1184 1185 1186 1187 1188 1189 1190 1191 1192 1193 1194 468 
1 31 1195 1196 
1 111 1197 1198 311 1199 1200 1201 1202 1203 1204 1205 1206 1207 1208 1209 1210 1211 1212 1213 1214 1215 1216 466 
1 25 1217 1218 
1 31 1219 1151 33 1220 1221 1222 1223 1224 1225 1226 1227 1228 1229 1230 1231 1232 
1 416 1233 1145 310 1234 1235 1236 1237 1238 1239 1240 1241 1242 1243 1244 1245 1246 1247 1248 1249 1250 1251 1252 1253 1254 1255 653 
1 2 1256 1147 4 1257 1258 1259 1260 1261 1262 1263 1264 1265 1266 1267 1268 18 
1 135 1269 1152 137 1270 1271 1272 1273 1274 1275 1276 1277 1278 1279 1280 1281 1282 1283 1284 1285 1286 1287 1288 1289 1290 1291 1292 1293 1294 1295 1296 
1 362 1297 1149 312 1298 1299 1300 1301 1302 1303 1304 1305 1306 1307 1308 1309 1310 1311 1312 1313 1314 1315 1316 1317 1318 1319 1133 1320 1321 
1 111 1322 1323 311 1324 1325 1326 1327 1328 1329 1330 1331 1332 1333 1334 1335 1336 1337 1338 1339 1340 1341 1342 1343 1344 1345 1346 
1 25 1347 1348 
1 111 1349 1350 
1 111 1351 1352 311 1353 1354 1355 1356 1357 1358 1359 1360 1361 1362 1363 1364 1365 1366 1367 1368 1369 1370 1371 1372 1373 1374 1375 1376 1377 1378 1379 1380 1381 1382 1383 
1 111 1384 1385 
1 31 1386 1387 33 1388 1389 1390 1391 1392 1393 1394 1395 1396 1397 1398 1399 1400 
1 135 1401 1402 
1 28 1403 1404 
1 114 1405 1146 116 1406 1407 1408 1409 1410 1411 1412 1413 1414 1415 1416 1417 1418 1419 1420 1421 122 
1 135 1422 1423 
1 2 1424 1425 4 1426 1427 1428 1429 1430 1431 1432 1433 1434 1435 1436 1437 1438 1439 1440 1441 1442 1443 1444 1445 1446 1447 1448 1449 1450 1451 1452 1453 1454 1455 1456 1457 16 
1 114 1458 1459 
1 28 1460 1461 
1 111 1462 1463 
1 135 1464 1465 137 1466 1467 1468 1469 1470 1471 1472 1473 1474 1475 1476 1477 1478 1479 1480 1481 1482 1483 1484 1485 1486 1487 1488 1489 1490 1491 1492 1493 1494 
1 114 1495 1496 
1 2 1497 1498 4 1499 1500 1501 1502 1503 1504 1505 1506 1507 1508 1509 1510 1511 1512 1513 1514 1515 1516 14 
1 2 1517 1518 4 1519 1520 1521 1522 1523 1524 1525 1526 1527 1528 1529 1530 1531 1532 1533 1534 1535 1536 1537 1538 1539 1540 1541 1542 1543 1544 1545 1546 1547 1548 1549 1550 12 
1 2 1551 1552 4 1553 1554 1555 1556 1557 1558 1559 1560 1561 1562 1563 1564 1565 1566 1567 1568 1569 1570 1571 1572 1573 1574 1575 1576 1577 1578 1579 1580 10 
1 111 1581 1582 
1 56 1583 1584 177 1585 1586 1587 1588 1589 1590 1591 1592 1593 1594 1595 1596 1597 1598 1599 1600 1601 1602 1603 1604 1605 1606 1607 1608 193 
1 28 1609 1610 
1 2 1611 1612 
1 56 1613 1614 177 1615 1616 1617 1618 1619 1620 1621 1622 1623 1624 1625 1626 1627 1628 1629 1630 1631 1632 1633 1634 1635 1636 1637 1638 1639 1640 1641 1642 1643 1644 191 
1 28 1645 1646 
1 28 1647 1153 314 1648 1649 1650 1651 1652 1653 1654 1655 1656 1657 1658 1659 1660 1661 692 
1 362 1662 1663 
1 56 1664 1665 177 1666 1667 1668 1669 1670 1671 1672 1673 1674 1675 1676 1677 1678 1679 1680 1681 1682 1683 1684 1685 1686 1687 1688 1689 1690 1691 1692 1693 1694 1695 1696 1697 189 
1 2 1698 1699 4 1700 1701 1702 1703 1704 1705 1706 1707 1708 1709 1710 1711 1712 1713 8 
1 56 1714 1715 177 1716 1717 1718 1719 1720 1721 1722 1723 1724 1725 1726 1727 1728 1729 187 
1 114 1730 1731 116 1732 1733 1734 1735 1736 1737 1738 1739 1740 1741 1742 1743 1744 1745 1746 1747 120 
1 135 1748 1749 137 1750 1751 1752 1753 1754 1755 1756 1757 1758 1759 1760 1761 1762 1763 1764 1765 1766 1767 131 1768 1769 1770 1771 1772 1773 1774 1775 1776 1777 1778 1779 1780 1781 
1 111 1782 1783 
1 416 1784 1785 
1 111 1786 1787 311 1788 1789 1790 1791 1792 1793 1794 1795 1796 1797 1798 1799 1800 1801 1802 1803 1804 1805 1806 1807 1808 1809 1810 1811 1812 1813 1814 
1 416 1815 1816 
1 114 1817 1818 116 1819 1820 1821 1822 1823 1824 1825 1826 1827 1828 1829 1830 1831 1832 1833 1834 1835 1836 1837 1838 1839 1840 1841 1842 1843 
310 1145 644 1234 653 1233 116 1818 117 1819 1843 1817 4 1699 5 1700 8 1698 177 1715 178 1716 187 1714 311 1787 463 1788 1814 1786 312 1149 364 1298 1321 1297 313 1150 33 1387 34 1388 1400 1386 137 1749 138 1750 1781 1748 314 1153 665 1648 692 1647 
1 114 1844 1845 116 1846 1847 1848 1849 1850 1851 1852 1853 1854 1855 1856 1857 1858 1859 1860 1861 1862 1863 1864 1865 1866 1867 1868 1869 1870 1871 1872 
1 114 1873 1874 116 1875 1876 1877 1878 1879 1880 1881 1882 1883 1884 1885 1886 1887 1888 1889 1890 1891 1892 1893 1894 1895 1896 1897 1898 1899 1900 1901 1902 1903 1904 1905 1906 1907 
1 28 1908 1909 
310 1910 116 1874 117 1875 1907 1873 4 1911 177 1912 311 1913 312 1914 313 1150 33 1915 137 1916 314 1917 
1 25 1918 1150 313 1919 1920 1921 1922 1923 1924 1925 1926 1927 1928 1929 1930 1931 1932 1933 1934 394 
1 25 1935 1936 313 1937 1938 1939 1940 1941 1942 1943 1944 1945 1946 1947 1948 1949 1950 392 
1 135 1951 1952 
1 135 1953 1954 
1 111 1955 1913 311 1956 1957 1958 1959 1960 1961 1962 1963 1964 1965 1966 1967 1968 1969 1970 1971 1972 1973 1974 1975 1976 1977 1978 1979 1980 1981 1982 1983 1984 
1 28 1985 1917 314 1986 1987 1988 1989 1990 1991 1992 1993 1994 1995 1996 1997 1998 1999 2000 2001 2002 2003 2004 2005 2006 2007 690 
1 111 2008 2009 
1 25 2010 2011 
1 135 2012 1916 137 2013 2014 2015 2016 2017 2018 2019 2020 2021 2022 2023 2024 2025 2026 2027 2028 2029 2030 2031 2032 2033 2034 2035 2036 2037 2038 2039 2040 2041 
1 135 2042 2043 
1 56 2044 1912 177 2045 2046 2047 2048 2049 2050 2051 2052 2053 2054 2055 2056 185 
1 56 2057 2058 177 2059 2060 2061 2062 2063 2064 2065 2066 2067 2068 2069 2070 2071 2072 2073 2074 2075 2076 2077 2078 183 
1 28 2079 2080 314 2081 2082 1591 2083 2084 2085 2086 2087 2088 2089 2090 2091 2092 2093 2094 2095 2096 2097 2098 2099 2100 2101 2102 2103 2104 2105 2106 2107 2108 2109 2110 2111 688 
1 416 2112 2113 
1 114 2114 2115 
1 135 2116 2117 
1 416 2118 1910 310 2119 2120 2121 2122 2123 2124 2125 2126 2127 2128 2129 2130 651 
1 362 2131 1914 312 2132 2133 2134 2135 2136 2137 2138 2139 2140 2141 2142 2143 2144 2145 2146 2147 2148 
1 31 2149 2150 
1 416 2151 2152 
1 416 2153 2154 310 2155 2156 2157 2158 2159 2160 2161 2162 2163 2164 2165 2166 2167 2168 2169 2170 2171 2172 2173 2174 649 
1 31 2175 2176 
1 416 2177 2178 
1 28 2179 2180 
1 56 2181 2182 177 2183 2184 2185 2186 2187 2188 2189 2190 2191 2192 2193 2194 2195 2196 2197 2198 2199 2200 2201 2202 181 
1 31 2203 2204 
1 416 2205 2206 
1 31 2207 2208 
1 114 2209 2210 116 2211 2212 2213 2214 2215 2216 2217 2218 2219 2220 2221 2222 2223 2224 2225 
1 56 2226 2227 177 2228 2229 2230 2231 2232 2233 2234 2235 2236 2237 2238 2239 2240 2241 2242 2243 2244 2245 2246 2247 2248 2249 2250 2251 2252 2253 2254 2255 2256 2257 2258 2259 2260 
1 114 2261 2262 
310 2154 644 2155 649 2153 116 2210 117 2211 2225 2209 4 1911 177 2227 178 2228 2260 2226 311 1913 463 1956 1984 1955 312 1914 364 2132 2148 2131 313 1936 377 1937 392 1935 33 1915 137 1916 138 2013 2041 2012 314 2080 665 2081 688 2079 
1 28 2263 2264 
1 56 2265 2266 177 2267 2268 2269 2270 2271 2272 2273 2274 2275 2276 2277 2278 2279 2280 2281 2282 2283 2284 2285 
1 28 2286 2287 314 2288 2289 2290 2291 2292 2293 2294 2295 2296 2297 2298 2299 2300 2301 2302 2303 2304 2305 2306 2307 2308 2309 2310 2311 2312 2313 2314 2315 2316 2317 686 
1 25 2318 2319 313 2320 2321 2322 2323 2324 2325 2326 2327 2328 2329 2330 2331 2332 2333 2334 2335 2336 2337 2338 2339 2340 2341 2342 2343 2344 2345 2346 2347 390 
1 416 2348 2349 
310 2350 116 2351 4 1911 177 2266 178 2267 2285 2265 311 2352 312 2353 313 2319 377 2320 390 2318 33 1915 137 2354 314 2287 665 2288 686 2286 
1 28 2355 2356 
1 111 1351 2352 311 2357 1354 2358 2359 2360 2361 2362 2363 2364 2365 2366 2367 2368 2369 2370 2371 2372 2373 2374 2375 2376 2377 2378 2379 2380 2381 2382 2383 2384 2385 2386 
310 2350 116 2351 4 1911 177 2387 311 2352 463 2357 2386 1351 312 2353 313 2388 33 1915 137 2354 314 2389 
1 114 2390 2351 116 2391 2392 2393 2394 2395 2396 2397 2398 2399 2400 2401 2402 2403 2404 2405 2406 2407 2408 2409 2410 2411 
1 135 2412 2354 137 2413 2414 2415 2416 2417 2418 2419 2420 2421 2422 2423 2424 2425 2426 2427 2428 2429 2430 2431 2432 2433 2434 2435 2436 2437 2438 2439 2440 2441 2442 2443 
1 362 2444 2445 
1 31 2446 2447 
1 2 2448 2449 
310 2350 116 2351 117 2391 2411 2390 4 1911 177 2387 311 2450 312 2353 313 2388 33 1915 137 2354 138 2413 2443 2412 314 2389 
1 362 2451 2353 312 2452 2453 2454 2455 2456 2457 2458 2459 2460 2461 2462 2463 2464 2465 2466 2467 2468 
1 31 2469 2470 
1 135 2471 2472 
1 111 2473 2450 311 2474 2475 2476 2477 2478 2479 2480 2481 2482 2483 2484 2485 2486 
1 111 2487 2488 
1 416 2489 2350 310 2490 2491 2492 2493 2494 2495 2496 2497 2498 2499 2500 2501 2502 2503 647 
1 28 2504 2389 314 2505 2506 2507 2508 2509 2510 2511 2512 2513 2514 2515 2516 2517 2518 684 
1 135 2519 2520 137 2521 2522 2523 2524 2525 2526 2527 2528 2529 2530 2531 2532 2533 2534 2535 2536 2537 
1 362 2538 2539 312 2540 2541 2542 2543 2544 2545 2167 2546 2547 2548 2549 2550 2551 2552 2553 2554 2555 2556 2557 2558 2559 2560 2561 2562 2563 2564 2565 
1 2 2566 1911 4 2567 2568 2569 2570 2571 2572 2573 2574 2575 2576 2577 2578 2579 2580 2581 
310 2350 644 2490 647 2489 116 2582 4 1911 5 2567 2581 2566 177 2387 311 2450 463 2474 2486 2473 312 2539 364 2540 2565 2538 313 2388 33 1915 137 2520 138 2521 2537 2519 314 2389 665 2505 684 2504 
1 31 2583 1915 33 2584 2585 2586 2587 2588 2589 2590 2591 2592 2593 2594 2595 2596 2597 2598 2599 2600 2601 2602 2603 2604 2605 2606 2607 2608 
1 31 2609 2610 
1 28 2611 2612 314 2613 2614 2615 2616 2617 2618 2619 2620 2621 2622 2623 2624 2625 2626 2627 2628 2629 2630 2631 2632 2633 2634 2635 2636 2637 2638 2639 2640 2641 2642 2643 2644 682 
310 2645 116 2582 4 2646 177 2387 311 2647 312 2648 313 2388 33 1915 34 2584 2608 2583 137 2649 314 2612 665 2613 682 2611 
1 2 2650 2651 
1 2 2652 2653 
1 31 2654 2655 33 2656 2657 2658 2659 2660 2661 2662 2663 2664 2665 2666 2667 2668 2669 2670 2671 2672 2673 2674 2675 2676 2677 2678 2679 2680 2681 2682 2683 2684 2685 2686 2687 2688 
1 2 2689 2690 
1 135 2691 2692 
1 31 2693 2694 33 2695 2696 2697 2698 2699 2700 2701 2702 2703 2704 2705 2706 2707 2708 2709 2710 2711 2712 2713 2714 2715 
1 416 2716 2717 
1 25 2718 2719 
1 114 2720 2582 116 2721 2722 2723 2724 2725 2726 2727 2728 2729 2730 2731 2732 2733 2734 2735 2736 2737 2738 2739 2740 2741 2742 2743 2744 2745 2746 2747 2748 2749 2750 2751 
1 56 2752 2387 177 2753 2754 2755 2756 2757 2758 2759 2760 2761 2762 2763 2764 2672 2765 2766 2767 2768 2769 2770 2771 2772 2773 2774 2775 2776 2777 2778 2779 2780 2781 2782 
1 28 2783 2784 
1 56 2785 2786 
310 2645 116 2582 117 2721 2751 2720 4 2646 177 2387 178 2753 2782 2752 311 2647 312 2648 313 2388 33 2694 34 2695 2715 2693 137 2649 314 2787 
310 2645 116 2788 4 2646 177 2789 311 2647 312 2648 313 2388 33 2790 137 2649 314 2787 
310 2645 116 2788 4 2646 177 2789 311 2647 312 2648 313 2388 33 2790 137 2649 314 2787 
1 114 2791 2788 116 2792 2793 2794 2795 2796 2797 2798 2799 2800 2801 2802 2803 2804 2805 2806 2807 2808 2809 2810 2811 2812 2813 2814 2815 2816 2817 2818 
1 362 2819 2648 312 2820 2821 2822 2823 2824 2825 2826 2827 2828 2829 952 2830 2831 2832 2833 2834 2835 2836 2837 
1 2 2838 2646 4 2839 2840 2841 2842 2843 2844 2845 2846 2847 2848 2849 2850 2851 2852 2853 2854 2855 2856 2857 2858 2859 
310 2645 116 2788 117 2792 2818 2791 4 2646 5 2839 2859 2838 177 2789 311 2647 312 2648 364 2820 2837 2819 313 2388 33 2790 137 2649 314 2787 
1 114 2860 2861 
1 25 2862 2863 
1 111 2864 2647 311 2865 2866 2867 2868 2869 2870 2871 2872 2873 2874 2875 2876 2877 2878 2879 2880 2881 2882 2883 2884 2885 2886 2887 
1 25 2888 2889 
1 416 2890 2645 310 2891 2892 2893 2894 2895 2896 2897 2898 2899 2900 2901 2902 2903 2904 2905 2906 2907 2908 2909 2910 2911 2912 2913 2914 2915 2916 2917 2918 2919 2920 2921 2922 2923 
1 362 2924 2925 
1 416 2926 2927 310 2928 2929 2930 2931 2932 2933 2934 2935 2936 2937 2938 2939 2940 2941 2942 2943 2944 
1 362 2945 2946 
1 416 2947 2948 310 2949 2950 2951 2952 2953 2954 2955 2956 2957 2958 2959 2960 2961 2962 2963 2964 2965 2966 2967 2968 2969 2970 2971 2972 2973 
1 362 2974 2975 
1 25 2976 2388 313 2977 2978 2979 2980 2981 2982 2983 2984 2985 2986 2987 2988 2989 2990 2991 2992 2993 2994 388 
1 416 2995 2996 310 2997 2998 2999 3000 3001 3002 3003 3004 3005 3006 3007 3008 3009 
1 362 3010 3011 312 3012 3013 3014 3015 3016 3017 3018 3019 3020 3021 3022 3023 3024 3025 3026 3027 3028 3029 3030 3031 3032 
1 114 3033 3034 116 3035 3036 3037 3038 3039 3040 3041 3042 3043 3044 3045 3046 3047 3048 3049 3050 2549 3051 3052 3053 3054 3055 3056 
1 56 3057 2789 177 3058 3059 3060 3061 3062 3063 3064 3065 3066 3067 3068 3069 3070 3071 3072 3073 3074 3075 3076 3077 3078 3079 3080 
1 56 3081 3082 177 3083 3084 3085 3086 3087 3088 3089 3090 3091 3092 3093 3094 3095 3096 3097 3098 3099 3100 3101 3102 3103 3104 3105 3106 3107 
1 56 3108 3109 177 3110 3111 3112 3113 3114 3115 3116 3117 3118 3119 3120 3121 3122 3123 3124 3125 3126 3127 3128 
1 111 3129 3130 311 3131 3132 3133 3134 3135 3136 3137 3138 3139 3140 3141 3142 3143 3144 3145 3146 3147 3148 3149 3150 3151 3152 3153 
1 111 3154 3155 311 3156 3157 3158 3159 1472 3160 3161 3162 3163 3164 3165 3166 3167 3168 3169 
1 135 3170 3171 
1 2 3172 3173 
310 2996 644 2997 3009 2995 116 3034 117 3035 3056 3033 4 3174 177 3109 178 3110 3128 3108 311 3155 463 3156 3169 3154 312 3011 364 3012 3032 3010 313 2388 377 2977 388 2976 33 2790 137 2649 314 2787 
1 2 3175 3176 
1 416 3177 3178 
1 135 3179 2649 137 3180 3181 3182 3183 3184 3185 3186 3187 3188 3189 3190 3191 3192 3193 3194 
310 3195 116 3196 4 3174 177 3197 311 3198 312 3199 313 3200 33 2790 137 2649 138 3180 3194 3179 314 2787 
1 56 3201 3197 177 3202 3203 3204 3205 3206 3207 3208 3209 3210 3211 3212 3213 3214 3215 3216 3217 3218 3219 3220 3221 3222 3223 3224 3225 3226 3227 3228 3229 3230 
1 135 3231 3232 
310 3195 116 3196 4 3174 177 3197 178 3202 3230 3201 311 3198 312 3199 313 3200 33 2790 137 3233 314 2787 
1 28 3234 2787 314 3235 3236 3237 3238 3239 3240 3241 3242 3243 3244 3245 3246 680 
310 3195 116 3196 4 3174 177 3247 311 3198 312 3199 313 3200 33 2790 137 3233 314 2787 665 3235 680 3234 
1 362 3248 3199 312 1060 3249 3250 3251 3252 3253 3254 3255 3256 3257 3258 3259 3260 3261 3262 3263 3264 
1 135 3265 3266 
1 135 3267 3268 
1 28 3269 3270 314 3271 3272 3273 3274 3275 3276 3277 3278 3279 3280 3281 3282 3283 3284 678 
1 25 3285 3286 
1 111 3287 3198 311 3288 3289 3290 3291 3292 3293 3294 3295 3296 3297 3298 3299 3300 3301 3302 3303 3304 3305 3306 3307 3308 
1 2 3309 3310 
1 135 3311 3312 
1 56 3313 3314 
1 56 3315 3316 
1 2 3317 3174 4 3318 3319 3320 3321 3322 3323 3324 3325 3326 3327 3328 3329 1746 3330 3331 
1 111 3332 3333 
1 111 3334 3335 311 3336 3337 3338 3339 3340 3341 3342 3343 3344 3345 3346 3347 3348 3349 3350 3351 3352 3353 3354 3355 3356 3357 3358 3359 3360 3361 3362 3363 3364 3365 3366 3367 3368 
1 2 3369 3370 
1 135 3371 3233 137 3372 3373 3374 3375 3376 3377 3378 3379 3380 3381 3382 3383 3384 3385 3386 3387 3388 3389 3390 3391 3392 3393 3394 3395 3396 3397 3398 3399 3400 
1 114 3401 3196 116 3402 3403 3404 3405 3243 3406 3407 3408 3409 3410 3411 3412 3413 3414 3415 3416 3417 3418 3419 3420 3421 3422 3423 3424 3425 3426 3427 3428 3429 3430 3431 3432 3433 
1 28 3434 3435 
1 31 3436 2790 33 3437 3438 3439 3440 3441 3442 3443 3444 3445 3446 3447 3448 3449 3450 3451 3452 3453 3454 3455 3456 3457 
1 31 3458 3459 
1 31 3460 3461 33 3462 3463 3464 3465 3466 3467 3468 3469 3470 3471 3472 3473 3474 3475 3476 3477 3478 
1 28 3479 3480 
1 416 3481 3195 310 3482 3483 3484 3485 3486 3487 3488 3489 3490 3491 3492 3493 3494 3495 3496 3497 3498 3499 3500 3501 3502 3503 3504 3505 3506 3507 3508 
1 56 3509 3510 
1 31 3511 3512 33 3513 3514 3515 3516 3517 3518 3519 3520 3521 3522 3523 3524 3525 3526 3527 3528 3529 3530 3531 
1 28 3532 3533 
1 31 3534 3535 33 3536 3537 3538 3539 3540 3541 3542 3543 3544 3545 3546 3547 3548 3549 3550 3551 3552 3553 3554 3555 3556 
1 28 3557 3558 314 3559 3560 3561 3562 3563 3564 3565 3566 3567 3568 3569 3570 3571 3572 3573 3574 3575 3576 3577 3578 3579 3580 676 
1 135 3581 3582 
310 3195 644 3482 3508 3481 116 3196 117 3402 3433 3401 4 3174 5 3318 3331 3317 177 3247 311 3335 463 3336 3368 3334 312 3199 364 1060 3264 3248 313 3200 33 3535 34 3536 3556 3534 137 3233 138 3372 3400 3371 314 3558 665 3559 676 3557 
1 28 3583 3584 
1 362 3585 3586 312 3587 3588 3589 3590 3591 3592 2841 3593 3594 3595 3596 3597 3598 3599 3600 3601 3602 3603 3604 3605 3606 3607 3608 3609 3610 3611 3612 3613 3614 3615 3616 3617 3618 
310 3619 116 3620 4 3621 177 3247 311 3622 312 3586 364 3587 3618 3585 313 3200 33 3623 137 3624 314 3625 
1 2 3626 3621 4 3627 3628 3629 3630 3631 3632 3633 3634 3635 3636 3637 3638 3639 3640 3641 3642 3643 3644 3645 3646 3647 3648 3649 3650 3651 3652 3653 
1 28 3654 3655 
1 28 3656 3625 314 3657 3658 3659 3660 3661 3662 3663 3664 3665 3666 3667 3668 3669 3670 674 
310 3619 116 3620 4 3621 5 3627 3653 3626 177 3247 311 3622 312 3671 313 3200 33 3623 137 3624 314 3625 665 3657 674 3656 
1 114 3672 3673 
1 111 3674 3675 
1 114 3676 3620 116 3677 3678 3679 3680 3681 3682 3683 3684 3685 3686 3687 3688 3689 3690 3691 3692 3693 3694 3695 3696 3697 3698 3699 3700 3701 3702 3703 3704 3705 3706 3707 3708 3709 
1 114 3710 3711 116 3712 3713 3714 3715 3716 3717 3718 3719 3720 3721 3722 3723 3724 
1 114 3725 3726 
1 416 3727 3619 310 3728 3729 3730 3731 3732 3733 3734 3735 3736 3737 3738 3739 3740 3741 3742 3743 3744 3745 3746 3747 3523 3748 3749 3750 3751 3752 3753 3754 3755 
1 111 3756 3622 311 3757 3758 3759 3760 3761 3762 3763 3764 3765 3766 3767 3768 3769 3770 3771 3772 3773 3774 3775 3776 3777 3778 3779 3780 3781 3782 3783 3784 3785 
1 2 3786 3787 4 3788 3789 3790 3791 3792 3793 3794 3795 3796 3797 3798 3799 3800 3801 3802 
1 25 3803 3200 313 3804 3805 3806 3807 3808 3809 3810 3811 3812 3813 3814 3815 3816 3817 3818 3819 3820 3821 3822 3823 3824 3825 3826 3827 3828 3829 386 
1 56 3830 3831 
1 135 3832 3833 
1 416 3834 3835 
1 25 3836 3837 
1 416 3838 3839 310 3840 3841 3842 3843 3844 3845 3846 3847 3848 3849 1280 3850 3851 3852 3853 3854 3855 3856 3857 3858 3859 3860 3861 3862 3863 3864 3865 3866 3867 3868 3869 
1 135 3870 3871 
1 31 3872 3623 33 3873 3874 3875 3876 3877 3878 3879 3880 3881 3882 3883 3884 3885 3886 3887 
1 56 3888 3889 
1 25 3890 3891 
1 2 3892 3893 
1 416 3894 3895 310 3896 3897 3898 3899 3900 3901 3902 3903 3904 3905 3906 3907 3908 
1 28 3909 3910 314 3911 3912 3913 3914 3915 3916 3917 3918 3919 3920 3921 3922 3923 3924 3925 3926 3927 3928 3929 3930 3931 3932 3933 3934 3935 3936 3937 3938 672 
1 28 3939 3940 314 3941 3942 3943 3944 3945 3946 3947 3948 3949 3950 3951 3952 3953 3954 3955 3956 3957 3958 3959 3960 3961 3962 3963 3964 3965 3966 3967 3968 670 
310 3895 644 3896 3908 3894 116 3711 117 3712 3724 3710 4 3787 5 3788 3802 3786 177 3247 311 3622 463 3757 3785 3756 312 3671 313 3200 377 3804 386 3803 33 3623 34 3873 3887 3872 137 3624 314 3940 665 3941 670 3939 
310 3969 116 3970 4 3971 177 3247 311 3972 312 3671 313 3973 33 3974 137 3624 314 3975 
1 31 3976 3977 
1 114 3978 3979 
1 56 3980 3247 177 3981 3982 3983 3984 3985 3986 3987 3988 3989 3990 3991 3992 3993 3994 3995 3996 3997 3998 3999 4000 4001 4002 4003 4004 4005 4006 4007 
1 31 4008 4009 
1 135 4010 3624 137 4011 4012 4013 4014 4015 4016 4017 4018 4019 4020 4021 4022 4023 4024 4025 4026 4027 
1 416 4028 3969 310 4029 4030 4031 4032 4033 4034 4035 4036 4037 4038 4039 4040 4041 4042 4043 4044 4045 4046 4047 4048 4049 4050 4051 4052 4053 4054 4055 4056 4057 
1 28 4058 4059 
310 3969 644 4029 4057 4028 116 3970 4 3971 177 3247 178 3981 4007 3980 311 3972 312 3671 313 3973 33 3974 137 3624 138 4011 4027 4010 314 3975 
1 2 4060 3971 4 4061 4062 4063 4064 4065 4066 4067 4068 4069 4070 4071 4072 4073 4074 4075 4076 4077 4078 4079 4080 4081 4082 4083 4084 4085 4086 4087 
1 28 4088 3975 314 4089 4090 4091 4092 4093 4094 4095 4096 4097 4098 4099 4100 4101 4102 4103 4104 4105 4106 4107 4108 4109 4110 4111 4112 4113 4114 4115 4116 4117 4118 4119 4120 668 
1 56 4121 4122 177 4123 4124 4125 4126 4127 4128 4129 4130 4131 4132 4133 4134 4135 4136 4137 4138 4139 4140 4141 4142 4143 4144 4145 4146 4147 4148 4149 4150 4151 4152 4153 4154 4155 
1 416 4156 4157 310 4158 4159 4160 4161 4162 4163 4164 4165 4166 4167 4168 4169 4170 4171 4172 4173 4174 4175 4176 4177 4178 4179 4180 4181 4182 4183 4184 4185 4186 4187 4188 
1 2 4189 4190 4 4191 4192 4193 4194 4195 4196 4197 4198 4199 4200 4201 4202 4203 4204 4205 4206 4207 4208 4209 4210 4211 4212 4213 
1 25 4214 3973 313 4215 4216 4217 4218 4219 4220 4221 4222 4223 4224 4225 4226 384 
1 111 4227 4228 
1 111 4229 4230 
1 111 4231 4232 
1 31 4233 4234 
1 362 4235 4236 
1 416 4237 4238 
1 2 4239 4240 4 4241 4242 4243 4244 4245 4246 4247 4248 4249 4250 4251 4252 4253 
1 135 4254 4255 137 4256 4257 4258 4259 4260 4261 4262 4263 4264 4265 4266 4267 4268 4269 4270 4271 4272 4273 4274 
1 28 4275 4276 314 4277 4278 4279 4280 4281 4282 4283 4284 4285 4286 4287 4288 4289 4290 4291 4292 4293 4294 4295 4296 4297 4298 4299 4300 4301 4302 4303 4304 4305 
1 2 4306 4307 4 4308 4309 4310 4311 4312 4313 4314 4315 4316 4317 4318 4319 4320 4321 4322 4323 4324 4325 4326 4327 4328 4329 4330 
1 56 4331 4332 
1 25 4333 4334 
1 31 4335 3974 33 4336 4337 4338 4339 4340 4341 4342 4343 4344 4345 4346 4347 4348 4349 4350 4351 4352 4353 4354 4355 4356 
1 416 4357 4358 310 4359 4360 4361 4362 4363 4364 4365 4366 4367 4368 4369 4370 4371 4372 4373 4374 4375 
1 111 4376 4377 
1 135 4378 4379 137 4380 4381 826 4382 4383 4384 4385 4386 4387 4388 4389 4390 4391 4392 4393 4394 4395 4396 4397 4398 4399 4400 4401 
1 416 4402 4403 
1 2 4404 4405 
1 25 4406 4407 
1 31 4408 4409 33 4410 4411 4412 4413 4414 4415 4416 4417 4418 4419 4420 4421 4422 4423 4424 4425 650 4426 4427 4428 4429 4430 4431 4432 4433 4434 4435 
1 114 4436 3970 116 4437 4438 4439 4440 4441 4442 4443 4444 4445 4446 4447 4448 4449 4450 4451 4452 4453 4454 4455 4456 4457 4458 4459 4460 4461 4462 4463 
1 111 4464 4465 
1 56 4466 4467 177 4468 4469 4470 4471 4472 4473 4474 4475 4476 4477 4478 4479 4480 4481 4482 4483 4484 4485 4486 4487 4488 4489 4490 4491 4492 4493 4494 
1 135 4495 4496 
1 56 4497 4498 
310 4358 644 4359 4375 4357 116 3970 117 4437 4463 4436 4 4307 5 4308 4330 4306 177 4467 178 4468 4494 4466 311 3972 312 3671 313 3973 377 4215 384 4214 33 4409 34 4410 4435 4408 137 4379 138 4380 4401 4378 314 4276 665 4277 4305 4275 
1 416 4499 4500 
1 135 4501 4502 
1 28 4503 4504 314 4505 4506 4507 4508 4509 4510 4511 4512 4513 4514 4515 4516 4517 4518 4519 4520 1396 4521 4522 4523 4524 4525 4526 4527 4528 4529 4530 4531 4532 
1 25 4533 4534 
1 362 4535 3671 312 4536 4537 4538 4539 4540 4541 4542 4543 4544 4545 4546 4547 4548 4549 4550 4551 4552 4553 4554 4555 4556 4557 4558 4559 4560 4561 4562 4563 4564 4565 4566 4567 4568 
1 2 4569 4570 
1 416 4571 4572 310 4573 4574 4575 4576 4577 4578 4579 4580 4581 4582 4583 4584 4585 4586 4587 4588 4589 4590 4591 4592 4593 4594 4595 4596 4597 4598 4599 
1 28 4600 4601 314 4602 4603 4604 4605 4606 4607 4608 4609 4610 4611 4612 4613 4614 4615 4616 4617 4618 4619 4620 4621 4622 4623 4624 4625 4626 4627 4628 4629 4630 4631 4632 
1 114 4633 4634 116 4635 4636 4637 4638 4639 4640 4641 4642 4643 4644 4645 4646 4647 4648 4649 4650 4651 4652 4653 4654 4655 
1 31 4656 4657 33 4658 4659 4660 4661 4662 4663 4664 4665 4666 4667 4668 4669 4670 4671 4672 4673 4674 4675 4676 4677 4678 
1 362 4679 4680 
1 114 4681 4682 116 4683 4684 4685 4686 4687 4688 4689 4690 4691 4692 4693 4694 4695 4696 4697 4698 4699 4700 4701 4702 4703 4704 4705 4706 4707 4708 4709 4710 4711 
1 362 4712 4713 312 4714 4715 4716 4717 4718 4719 4720 4721 4722 4723 4724 4725 4726 4727 4728 4729 4730 4731 4732 4733 4734 
1 56 4735 4736 177 4737 4738 4739 4740 4741 4742 4743 4744 4745 4746 4747 4748 4749 
1 25 2888 2889 
1 416 4750 4751 
1 135 4752 4753 
1 362 4754 4755 
1 362 4756 4757 
1 56 4758 4759 177 4760 4761 4762 4763 4764 4765 4766 4767 4768 4769 4770 4771 4772 4773 4774 4775 4776 
1 114 4777 4778 116 4779 4780 4781 4782 4783 4784 4785 4786 4787 4788 4789 4790 4791 4792 4793 4794 4795 4796 4797 4798 4799 4800 4801 4802 4803 
1 416 4804 4805 
1 28 4806 4807 314 4808 4809 4810 4811 4812 4813 4814 4815 4816 4817 4818 4819 4820 4821 4822 4823 4824 4825 4826 4827 4828 4829 4830 
1 31 4831 4832 33 4833 4834 4835 4836 4837 4838 4839 4840 2959 4841 4842 4843 4844 4845 4846 4847 4848 4849 4850 4851 4852 4853 4854 4855 4856 4857 4858 4859 4860 
1 111 4861 4862 
1 2 4863 4864 4 4865 4866 4867 4868 4869 4870 4871 4872 4873 4874 4875 4876 4877 4878 4879 4880 4881 4882 4883 4884 4885 
310 4572 644 4573 4599 4571 116 4778 117 4779 4803 4777 4 4864 5 4865 4885 4863 177 4759 178 4760 4776 4758 311 3972 312 4713 364 4714 4734 4712 313 4886 33 4832 34 4833 4860 4831 137 4887 314 4807 665 4808 4830 4806 
1 416 4888 4889 
1 31 4890 4891 33 4892 4893 4894 4895 4896 4897 3929 4898 4899 4900 4901 4902 4903 4904 4905 4906 4907 4908 4909 4910 4911 
310 4912 116 4913 4 4914 177 4915 311 3972 312 4916 313 4886 33 4891 34 4892 4911 4890 137 4887 314 4917 
1 362 4918 4916 312 4919 4920 4921 4922 4923 4924 4925 4926 4927 4928 4929 4930 4931 4932 4933 4934 4935 
1 2 4936 4914 4 4937 4938 4939 4940 4941 4942 4943 4944 4945 4946 4947 4948 4949 4950 4951 4952 4953 4954 4955 4956 4957 4958 4959 4960 4961 
1 56 4962 4963 
1 2 4964 4965 4 4966 4967 4968 4969 4970 4971 4972 4973 4974 4975 4976 4977 4978 4979 4980 4981 4982 4983 4984 4985 4986 4987 4988 4989 4990 4991 4992 4993 4994 
1 111 4995 3972 311 4996 4997 4998 4999 5000 5001 5002 5003 5004 5005 5006 5007 5008 5009 5010 5011 5012 5013 5014 5015 5016 5017 5018 5019 5020 5021 5022 5023 5024 
310 4912 116 4913 4 4965 5 4966 4994 4964 177 4915 311 3972 463 4996 5024 4995 312 4916 364 4919 4935 4918 313 4886 33 5025 137 4887 314 4917 
1 28 5026 4917 314 5027 5028 5029 5030 5031 5032 5033 5034 5035 5036 5037 5038 5039 5040 5041 5042 5043 5044 5045 5046 5047 5048 5049 
1 135 5050 4887 137 5051 5052 5053 5054 5055 5056 5057 5058 5059 5060 5061 5062 5063 5064 5065 5066 5067 5068 5069 5070 5071 5072 5073 5074 5075 5076 5077 5078 5079 5080 5081 
1 111 5082 5083 311 5084 5085 5086 5087 5088 5089 5090 5091 5092 5093 5094 5095 5096 
1 31 5097 5098 
1 25 5099 4886 313 5100 5101 5102 5103 5104 5105 5106 5107 5108 5109 5110 5111 5112 5113 5114 5115 5116 5117 5118 5119 5120 5121 5122 5123 5124 5125 5126 5127 382 
1 28 5128 5129 
1 25 5130 5131 313 5132 5133 5134 5135 5136 5137 5138 5139 5140 5141 5142 5143 5144 5145 380 
1 56 5146 4915 177 5147 5148 5149 5150 5151 5152 5153 5154 5155 5156 5157 5158 5159 5160 5161 5162 5163 5164 5165 5166 5167 5168 5169 5170 5171 5172 5173 
1 28 5174 5175 314 5176 5177 5178 5179 5180 5181 5182 5183 5184 5185 5186 5187 5188 5189 5190 5191 5192 5193 5194 5195 5196 
1 28 5197 5198 
1 362 5199 5200 312 5201 5202 5203 5204 5205 5206 5207 5208 5209 5210 5211 5212 5213 
1 28 5214 5215 314 5216 5217 5218 5219 5220 5221 5222 5223 5224 5225 5226 5227 5228 5229 5230 5231 5232 5233 5234 5235 5236 5237 5238 
1 111 5239 5240 
1 31 5241 5025 33 5242 5243 5244 5245 5246 5247 5248 5249 5250 5251 5252 5253 5254 5255 5256 5257 5258 5259 5260 5261 5262 5263 5264 5265 5266 5267 5268 5269 5270 5271 5272 5273 5274 
1 28 5275 5276 314 5277 5278 5279 5280 5281 5282 5283 5284 5285 5286 5287 5288 5289 5290 5291 5292 5293 5294 5295 5296 5297 5298 5299 5300 5301 5302 5303 
1 25 5304 5305 
1 25 5306 5307 
1 362 5308 5309 
1 114 5310 5311 
310 4912 116 4913 4 5312 177 4915 178 5147 5173 5146 311 5083 463 5084 5096 5082 312 5200 364 5201 5213 5199 313 5131 377 5132 380 5130 33 5025 34 5242 5274 5241 137 4887 138 5051 5081 5050 314 5276 665 5277 5303 5275 
310 4912 116 4913 4 5312 177 5313 311 5314 312 5315 313 5316 33 5317 137 5318 314 5319 
1 2 5320 5312 4 5321 5322 3602 5323 5324 5325 5326 5327 5328 5329 5330 5331 5332 5333 5334 5335 5336 5337 5338 5339 5340 5341 5342 5343 5344 5345 5346 
1 362 5347 5348 
1 135 5349 5318 137 5350 5351 5352 5353 5354 5355 5356 5357 5358 5359 5360 5361 3945 5362 5363 5364 5365 5366 5367 5368 5369 5370 5371 5372 5373 5374 5375 5376 5377 5378 5379 
1 25 5380 5316 313 5381 5382 5383 5384 5385 5386 5387 5388 5389 5390 5391 5392 5393 5394 5395 5396 5397 5398 5399 5400 5401 
1 28 5402 5319 314 5403 5404 5405 5406 5407 5408 5409 5410 5411 5412 5413 5414 5415 5416 5417 5418 5419 5420 5421 5422 5423 
1 114 5424 4913 116 5425 4683 5426 5427 5428 5429 5430 5431 5432 5433 5434 5435 5436 5437 5438 5439 5440 
1 114 5441 5442 
1 135 5443 5444 137 5445 5446 5447 5448 5449 5450 5451 5452 5453 5454 5455 5456 5457 5458 5459 5460 5461 
310 4912 116 4913 117 5425 5440 5424 4 5312 5 5321 5346 5320 177 5313 311 5314 312 5315 313 5316 377 5381 5401 5380 33 5317 137 5444 138 5445 5461 5443 314 5319 665 5403 5423 5402 
1 135 5462 5463 137 5464 5465 5466 5467 5468 5469 5470 5471 5472 5473 329 5474 5475 5476 5477 5478 5479 
1 31 5480 5481 
1 25 5482 5483 
1 416 5484 4912 310 5485 5486 5487 5488 5489 5490 5491 5492 5493 5494 3348 5495 5496 5497 5498 5499 5500 5501 5502 
1 114 5503 5504 
1 362 5505 5506 
1 114 5507 5508 
1 56 5509 5510 
1 135 5511 5512 137 5513 5514 5515 5516 5517 5518 5519 5520 5521 5522 5523 5524 5525 
1 28 5526 5527 314 5528 5529 5530 5531 5532 5533 5534 5535 5536 5537 5538 5539 5540 5541 5542 5543 5544 
1 416 5545 5546 310 5547 5548 5549 5550 5551 5552 5553 5554 5555 5556 5557 5558 5559 
1 28 5560 5561 314 5562 5563 5564 5565 5566 5567 5568 5569 5570 5571 5572 5573 5574 5575 5576 5577 5578 5579 5580 5581 5582 5583 5584 5585 5586 5587 5588 5589 5590 5591 5592 5593 5594 
1 111 5595 5314 311 5596 5597 5598 5599 5600 5601 5602 5603 5604 5605 5606 5607 5608 5609 5610 
1 28 5611 5612 314 5613 5614 5615 5616 5617 5618 5619 5620 5621 5622 5623 5624 5625 5626 5627 5628 5629 5630 5631 5632 5633 5634 5635 5636 5637 5638 5639 5640 5641 5642 5643 5644 5645 
1 31 5646 5647 
1 56 5648 5313 177 5649 5650 5651 5652 5653 5654 5655 5656 5657 5658 5659 5660 5661 5662 5663 5664 5665 5666 5667 5668 5669 5670 5671 5672 5673 5674 5675 5676 5677 5678 5679 5680 5681 
1 114 5682 5683 
1 416 5684 5685 
1 135 5686 5687 
1 362 5688 5315 312 5689 5690 5691 5692 5693 5694 5695 5696 5697 5698 5699 5700 5701 5702 5703 5704 5705 5706 5707 5708 5709 5710 5711 
1 416 5712 5713 
1 416 5714 5715 310 5716 5717 5718 5719 5720 5721 5722 5723 5724 5725 5726 5727 5728 5729 5730 5731 5732 5733 5734 5735 5736 5737 5738 5739 5740 5741 5742 5743 5744 5745 5746 5747 5748 
1 2 5749 5750 4 5751 5752 5753 5754 5755 5756 5757 5758 5759 5760 5761 5762 5763 5764 5765 
1 25 5766 5767 313 5768 5769 5770 5771 5772 5773 5774 5775 5776 5777 5778 5779 5780 5781 5782 5783 5784 5785 5786 5787 5788 
1 31 5789 5317 33 5790 5791 5792 5793 5794 5795 5796 5797 5798 5799 4992 5800 5801 5802 5803 5804 5805 
1 114 5806 5807 116 5808 5809 5810 5811 5812 5813 5814 5815 5816 5817 5818 5819 5820 
1 111 5821 5822 311 5823 5824 5825 5826 5827 5828 5829 5830 5831 5832 5833 5834 5835 5836 5837 5838 5839 5840 5841 5842 5843 5844 5845 
1 28 5846 5847 
1 25 5848 5849 313 5850 5851 5852 5853 5854 5855 5856 5857 5858 5859 5860 5861 5862 5863 5256 5864 5865 
1 362 5866 5867 312 5868 5869 5870 5871 5872 5873 5874 5875 5876 5877 5878 5879 5880 5881 5882 5883 5884 5885 5886 
1 135 5887 5888 
310 5715 644 5716 5748 5714 116 5807 117 5808 5820 5806 4 5750 5 5751 5765 5749 177 5313 178 5649 5681 5648 311 5822 463 5823 5845 5821 312 5867 364 5868 5886 5866 313 5849 377 5850 5865 5848 33 5317 34 5790 5805 5789 137 5512 138 5513 5525 5511 314 5612 665 5613 5645 5611 
1 135 5889 5890 137 5891 5892 5893 5894 5895 5896 5897 5898 5899 5900 5901 5902 5903 5904 5905 5906 5907 5908 5909 5910 5911 5912 5913 
1 135 5914 5915 
1 114 5916 5917 116 5918 5919 5920 5921 5922 5923 5924 5925 1762 5926 5927 5928 5929 5930 5931 5932 5933 5934 5935 5936 5937 5938 5939 5940 5941 5942 5943 5944 5945 5946 5947 
1 28 5948 5949 
1 111 5950 5951 311 5952 5953 5954 5955 5956 5957 5958 5959 5960 5961 5962 5963 5964 5965 5966 5967 5968 5969 5970 5971 5972 5973 5974 5975 5976 5977 5978 5979 5980 5981 5982 5983 5984 
1 111 5985 5986 311 5987 5988 5519 5989 5990 5991 5992 5993 5994 5995 5996 5997 5998 
1 28 5999 6000 
1 135 6001 6002 137 6003 6004 6005 6006 6007 6008 6009 6010 6011 6012 6013 6014 6015 6016 6017 
1 28 6018 6019 314 6020 6021 6022 6023 6024 6025 6026 6027 6028 6029 6030 6031 6032 6033 6034 6035 6036 6037 6038 
1 135 6039 6040 137 6041 6042 6043 6044 6045 6046 6047 6048 6049 6050 6051 6052 6053 6054 6055 6056 6057 6058 6059 6060 6061 6062 6063 6064 6065 6066 6067 
1 416 6068 6069 
1 25 6070 6071 
1 2 6072 6073 
310 6074 116 5917 117 5918 5947 5916 4 6075 177 6076 311 5986 463 5987 5998 5985 312 6077 313 6078 33 6079 137 6040 138 6041 6067 6039 314 6019 665 6020 6038 6018 
1 56 6080 6081 
1 28 6082 6083 
1 114 6084 6085 116 6086 6087 6088 6089 6090 6091 6092 6093 6094 6095 6096 6097 6098 6099 6100 6101 6102 6103 6104 6105 6106 6107 6108 6109 6110 6111 6112 6113 6114 6115 6116 6117 6118 
1 31 6119 6120 
1 135 6121 6122 
1 28 6123 6124 314 6125 6126 6127 6128 6129 6130 6131 6132 6133 6134 6135 6136 6137 6138 6139 6140 6141 6142 6143 6144 6145 6146 6147 6148 6149 
1 2 6150 6075 4 6151 6152 6153 6154 6155 6156 6157 6158 6159 6160 6161 6162 6163 6164 6165 6166 6167 6168 6169 6170 6171 6172 6173 6174 6175 6176 6177 
1 56 6178 6076 177 6179 6180 6181 6182 6183 6184 6185 6186 6187 6188 6189 6190 6191 6192 6193 6194 6195 6196 6197 
1 416 6198 6199 
1 31 6200 6079 33 6201 6202 6203 6204 6205 6206 6207 6208 6209 6210 6211 6212 6213 6214 6215 6216 6217 6218 6219 6220 6221 6222 6223 6224 6225 
1 31 6226 6227 
1 362 6228 6077 312 6229 6230 6231 6232 6233 6234 6235 6236 6237 6238 6239 6240 6241 6242 6243 6244 6245 6246 6247 6248 6249 
1 114 6250 6251 
1 2 6252 6253 4 6254 6255 6256 6257 6258 6259 6260 6261 6262 6263 745 6264 6265 6266 6267 6268 6269 6270 6271 6272 6273 6274 6275 6276 6277 6278 6279 6280 6281 6282 6283 6284 6285 
1 111 6286 6287 
1 111 6288 6289 
1 2 6290 6291 4 6292 6293 6294 6295 1690 6296 6297 6298 6299 6300 6301 6302 4774 6303 6304 6305 6306 6307 6308 
1 28 6309 6310 314 6311 6312 6313 6314 6315 6316 6317 6318 6319 6320 6321 6322 6323 6324 6325 6326 6327 6328 6329 6330 6331 6332 6333 6334 6335 6336 6337 
1 25 6338 6339 
1 28 6340 6341 
1 25 6342 6343 
1 2 6344 6345 4 6346 6347 6348 6349 6350 6351 6352 6353 6354 6355 6356 6357 6358 6359 6360 6361 6362 6363 6364 6365 3571 6366 6367 6368 6369 6370 6371 6372 6373 6374 6375 
1 2 6376 6377 4 6378 6379 6380 6381 6382 6383 6384 6385 6386 6387 6388 6389 6390 6391 6392 6393 1597 6394 6395 6396 6397 
1 114 6398 6399 
1 416 6400 6401 
1 111 6402 6403 
1 111 6404 6405 311 6406 6407 6408 6409 6410 6411 6412 6413 6414 6415 6416 6417 6418 6419 6420 6421 6422 
1 2 6423 6424 4 6425 6426 6427 6428 6429 6430 6431 6432 6433 6434 6435 6436 6437 6438 6439 6440 6441 6442 6443 6444 6445 6446 6447 
1 362 6448 6449 
1 114 6450 6451 116 6452 6453 6454 6455 6456 6457 6458 6459 6460 6461 6462 6463 6464 6465 6466 6467 6468 6469 6470 6471 6472 6473 6474 6475 6476 6477 6478 6479 6480 6481 6482 6483 6484 
310 6074 116 6451 117 6452 6484 6450 4 6424 5 6425 6447 6423 177 6076 178 6179 6197 6178 311 6405 463 6406 6422 6404 312 6077 364 6229 6249 6228 313 6078 33 6079 34 6201 6225 6200 137 6485 314 6310 665 6311 6337 6309 
1 2 6486 6487 4 6488 6489 6490 6491 6492 6493 6494 6495 6496 6497 6498 6499 6500 6501 6502 
1 111 6503 6504 311 6505 6506 6507 6508 6509 6510 6511 6512 6513 6514 6515 6516 6517 6518 6519 
1 114 6520 6521 116 6522 6523 6524 6525 6526 6527 6528 6529 6530 6531 6532 6533 6534 6535 6536 6537 6538 6539 6540 
1 2 6541 6542 4 6543 6544 6545 6546 6547 6548 6549 6550 6551 6552 6553 6554 6555 6556 6557 
1 31 6558 6559 
1 362 6560 6561 
1 56 6562 6563 
1 2 6564 6565 
1 25 6566 6078 313 6567 6568 6569 6570 6571 6572 6573 6574 6575 6576 6577 6578 6579 6580 6581 6582 6583 6584 6585 6586 6587 6588 6589 6590 6591 
310 6074 116 6521 117 6522 6540 6520 4 6542 5 6543 6557 6541 177 6592 311 6504 463 6505 6519 6503 312 6593 313 6078 377 6567 6591 6566 33 6594 137 6485 314 6595 
1 111 6596 6597 
1 25 6598 6599 313 6600 6601 6602 6603 6604 6605 6606 6607 6608 6609 6610 6611 6612 6613 6614 6615 6616 
1 416 6617 6618 
1 416 6619 6074 310 6620 6621 6622 6623 6624 6625 6626 6627 6628 6629 6630 6631 6632 6633 6634 6635 6636 6637 6638 6639 6640 6641 6642 
1 56 6643 6592 177 6644 6645 6646 6647 6648 6649 6650 6651 6652 6653 6654 6655 6656 6657 6658 6659 6660 6661 6662 6663 6664 6665 6666 6667 6668 6669 6670 6671 6672 6673 6674 6675 6676 
1 25 6677 6678 313 6679 6680 6681 6682 6683 6684 6685 6686 6687 6688 6689 6690 6691 6692 6693 6694 6695 6696 6697 6698 6699 6700 6701 6702 6703 
1 56 6704 6705 
1 28 6706 6595 314 6707 6708 6709 6710 6711 6712 6713 6714 6715 6716 6717 6718 6719 6720 6721 6722 6723 
1 31 6724 6725 
310 6074 644 6620 6642 6619 116 6726 4 6727 177 6592 178 6644 6676 6643 311 6728 312 6593 313 6678 377 6679 6703 6677 33 6594 137 6485 314 6595 665 6707 6723 6706 
1 2 6729 6730 
1 135 6731 6485 137 6732 6733 6734 6735 6736 6737 6738 6739 6740 6741 6742 6743 6744 6745 6746 6747 6748 6749 6750 
1 2 6751 6727 4 6752 6753 6754 6755 6756 6757 6758 6759 6760 6761 6762 6763 1740 6764 6765 6766 6767 6768 6769 6770 6771 6772 6773 6774 6775 6776 6777 6778 6779 6780 6781 6782 6783 
1 111 6784 6728 311 6785 6786 6787 6788 6789 6790 6791 6792 6793 6794 6795 6796 6797 
1 416 6798 6799 
1 2 6800 6801 
310 6802 116 6726 4 6727 5 6752 6783 6751 177 6803 311 6728 463 6785 6797 6784 312 6593 313 6804 33 6594 137 6485 138 6732 6750 6731 314 6805 
310 6802 116 6726 4 6806 177 6803 311 6807 312 6593 313 6804 33 6594 137 6808 314 6805 
1 28 6809 6805 314 6810 6811 6812 6813 6814 6815 6816 6817 6818 6819 6820 6821 6822 6823 6824 6825 6826 6827 6828 6829 6830 6831 6832 6833 6834 6835 6836 6837 6838 6839 6840 
1 416 6841 6802 310 6842 6843 6844 6845 6846 6847 6848 6849 6850 6851 6852 6853 6854 6855 6856 6857 6858 6859 6860 6861 6862 6863 6864 6865 6866 6867 6868 
310 6802 644 6842 6868 6841 116 6726 4 6806 177 6803 311 6807 312 6593 313 6804 33 6594 137 6808 314 6805 665 6810 6840 6809 
310 6869 116 6726 4 6806 177 6803 311 6807 312 6593 313 6804 33 6594 137 6808 314 6870 
1 114 6871 6872 
1 56 6873 6803 177 6874 6875 6876 6877 6878 6879 6880 6881 6882 6883 6884 6885 6886 6887 6888 6889 6890 6891 6892 
1 28 6893 6870 314 6894 6895 6896 6897 6898 6899 6900 6901 6902 6903 6904 6905 6906 6907 6908 6909 6910 
1 2 6911 6806 4 6912 6913 6914 6915 6916 6917 6918 6919 4153 6920 6921 6922 6923 
1 114 6924 6726 116 6925 6926 6927 6928 6929 6930 6931 6932 6933 6934 6935 6936 6937 6938 6939 
1 111 6940 6941 
1 25 6942 6943 
1 135 6944 6945 
1 362 6946 6593 312 6947 6948 6949 6950 5470 6951 6952 6953 6954 6955 6956 6957 6958 6959 6960 
1 31 6961 6962 
1 25 6963 6804 313 6964 6965 6966 6967 6968 6969 6970 6971 6972 6973 6974 6975 6976 6977 6978 6979 6980 6981 6982 6983 6984 6985 6986 6987 6988 6989 6990 6991 6992 
1 114 6993 6994 
1 135 6995 6996 
1 28 6997 6998 
1 135 6999 6808 137 7000 7001 7002 7003 5055 7004 7005 7006 7007 7008 7009 7010 7011 7012 7013 7014 7015 7016 7017 7018 7019 7020 7021 7022 7023 7024 7025 
1 114 7026 7027 116 7028 7029 7030 7031 7032 7033 7034 7035 7036 7037 7038 7039 7040 7041 7042 7043 7044 7045 7046 
1 31 7047 7048 
1 114 7049 7050 116 7051 7052 7053 7054 7055 7056 7057 7058 7059 7060 7061 7062 7063 7064 7065 7066 7067 7068 7069 7070 7071 
310 6869 116 7050 117 7051 7071 7049 4 6806 5 6912 6923 6911 177 6803 178 6874 6892 6873 311 6807 312 6593 364 6947 6960 6946 313 6804 377 6964 6992 6963 33 6594 137 6808 138 7000 7025 6999 314 6870 665 6894 6910 6893 
1 31 7072 7073 
1 56 7074 7075 
1 56 7076 7077 
310 6869 116 7078 4 7079 177 7080 311 6807 312 7081 313 7082 33 6594 137 7083 314 7084 
1 31 7085 7086 
1 56 7087 7088 
1 111 1322 6807 311 7089 1325 7090 7091 7092 7093 7094 7095 7096 7097 7098 7099 7100 7101 7102 
1 135 7103 7104 
1 135 7105 7106 
310 6869 116 7078 4 7079 177 7080 311 6807 463 7089 7102 1322 312 7081 313 7082 33 6594 137 7083 314 7084 
1 114 7107 7078 116 7108 7109 7110 7111 7112 7113 7114 7115 7116 7117 7118 7119 7120 7121 7122 7123 3659 7124 7125 7126 7127 7128 7129 7130 7131 7132 7133 
1 56 7134 7080 177 7135 7136 7137 7138 7139 7140 7141 7142 7143 7144 7145 7146 7147 7148 7149 
1 28 7150 7151 
1 31 7152 6594 33 7153 7154 7155 7156 7157 7158 7159 7160 7161 7162 7163 7164 7165 7166 7167 7168 7169 7170 7171 
1 2 7172 7079 4 7173 7174 7175 7176 7177 7178 7179 7180 7181 7182 7183 7184 7185 7186 7187 7188 7189 7190 7191 7192 142 7193 7194 
1 25 7195 7082 313 7196 7197 7198 7199 3182 7200 7201 7202 7203 7204 7205 7206 7207 7208 7209 7210 7211 7212 7213 
1 2 7214 7215 4 7216 7217 7218 7219 7220 7221 7222 7223 7224 7225 7226 7227 7228 
310 6869 116 7078 117 7108 7133 7107 4 7215 5 7216 7228 7214 177 7080 178 7135 7149 7134 311 7229 312 7081 313 7082 377 7196 7213 7195 33 6594 34 7153 7171 7152 137 7083 314 7084 
1 56 7230 7231 
1 416 7232 6869 310 7233 7234 7235 7236 7237 7238 7239 7240 7241 7242 7243 7244 7245 7246 7247 7248 7249 7250 7251 
1 114 7252 7253 
1 56 7254 7255 
1 25 7256 7257 313 7258 7259 7260 7261 7262 7263 7264 7265 7266 7267 7268 7269 7270 7271 7272 7273 7274 7275 7276 7277 7278 
310 6869 644 7233 7251 7232 116 7279 4 7280 177 7281 311 7229 312 7081 313 7257 377 7258 7278 7256 33 7282 137 7083 314 7084 
1 2 7283 7284 
1 114 7285 7286 
310 7287 116 7279 4 7280 177 7281 311 7229 312 7081 313 7288 33 7282 137 7083 314 7084 
1 416 7289 7290 
1 31 7291 7292 
1 56 7293 7281 177 7294 7295 7296 7297 7298 7299 7300 7301 7302 7303 7304 7305 7306 7307 7308 
1 25 7309 7288 313 7310 7311 7312 7313 7314 7315 7316 7317 7318 7319 7320 7321 7322 7323 7324 7325 7326 7327 7328 7329 7330 7331 2544 7332 7333 7334 7335 
1 25 7336 7337 
1 56 7338 7339 177 7340 7341 7342 7343 7344 7345 7346 7347 7348 7349 7350 7351 7352 7353 7354 7355 7356 7357 7358 7359 7360 7361 7362 7363 7364 7365 7366 7367 7368 7369 7370 7371 7372 
1 362 7373 7374 
1 31 7375 7376 
1 2 7377 7280 4 7378 7379 7380 7381 7382 7383 7384 7385 7386 7387 7388 7389 7390 7391 7392 
310 7287 116 7279 4 7280 5 7378 7392 7377 177 7339 178 7340 7372 7338 311 7229 312 7081 313 7288 377 7310 7335 7309 33 7282 137 7083 314 7084 
1 114 7393 7394 
1 416 7395 7287 310 7396 7397 7398 7399 7400 7401 7402 7403 7404 7405 7406 7407 7408 7409 7410 7411 7412 7413 7414 7415 7416 7417 7418 7419 7420 7421 7422 
1 114 7423 7424 
1 362 7425 7081 312 7426 7427 7428 7429 7430 7431 7432 7433 7434 7435 7436 7437 7438 7439 7440 
1 362 479 7441 312 7442 7443 7444 7445 7446 7447 7448 7449 7450 7451 7452 7453 7454 7455 7456 7457 7458 
1 114 7459 7279 116 7460 7461 7462 7463 7464 7465 7466 7467 7468 7469 7470 7471 7472 7473 7474 7475 7476 7477 7478 7479 7480 
1 362 7481 7482 312 7483 7484 7485 7486 7487 7488 7489 7490 4031 7491 7492 7493 7494 7495 7496 7497 7498 7499 7500 7501 7502 7503 7504 7505 7506 7507 7508 7509 7510 7511 7512 7513 7514 
1 114 7515 7516 
1 25 7517 7518 313 7519 7520 7521 7522 7523 7524 7525 7526 7527 7528 7529 7530 7531 7532 7533 7534 7535 7536 7537 7538 7539 7540 7541 
310 7287 644 7396 7422 7395 116 7279 117 7460 7480 7459 4 7542 177 7543 311 7229 312 7482 364 7483 7514 7481 313 7518 377 7519 7541 7517 33 7282 137 7083 314 7084 
1 2 7544 7545 
1 28 7546 7084 314 7547 7548 7549 7550 7551 7552 7553 7554 7555 7556 7557 7558 7559 7560 7561 7562 7563 7564 7565 7566 7567 7568 7569 7570 7571 7572 7573 7574 7575 
1 28 7576 7577 
1 31 7578 7282 33 7579 7580 7581 7582 7583 7584 7585 7586 7587 7588 7589 7590 7591 
1 111 7592 7229 311 7593 7594 7595 7596 7597 7598 7599 7600 7601 7602 7603 7604 7605 7606 7607 
310 7608 116 7609 4 7542 177 7543 311 7229 463 7593 7607 7592 312 7610 313 7611 33 7282 34 7579 7591 7578 137 7083 314 7084 665 7547 7575 7546 
310 7608 116 7609 4 7542 177 7543 311 7612 312 7610 313 7611 33 7613 137 7083 314 7614 
1 28 7615 7614 314 7616 7617 7618 7619 7620 7621 7622 7623 7624 7625 7626 7627 7628 7629 7630 7631 7632 7633 7634 7635 7636 7637 7638 7639 7640 7641 7642 
1 111 7643 7612 311 7644 7645 7646 7647 7648 7649 7650 7651 7652 7653 4354 7654 7655 7656 7657 7658 7659 7660 7661 7662 7663 7664 7665 7666 7667 7668 7669 7670 7671 
1 25 7672 7673 
1 135 7674 7083 137 7675 7676 7677 7678 7679 7680 7681 7682 7683 7684 7685 7686 7687 7688 7689 7690 7691 
1 2 7692 7542 4 7693 7694 7695 7696 7697 7698 7699 7700 7701 7702 7703 7704 7705 7706 7707 7708 7709 7710 7711 7712 7713 7714 7715 7716 7717 7718 7719 
310 7608 116 7609 4 7542 5 7693 7719 7692 177 7543 311 7612 463 7644 7671 7643 312 7610 313 7611 33 7613 137 7083 138 7675 7691 7674 314 7614 665 7616 7642 7615 
1 31 7720 7721 
1 28 7722 7723 
1 31 7724 7725 
310 7608 116 7609 4 7726 177 7543 311 7727 312 7610 313 7611 33 7613 137 7728 314 7729 
1 56 7730 7543 177 7731 440 7732 7733 7734 7735 7736 7737 7738 7739 7740 7741 7742 7743 7744 7745 7746 7747 7748 7749 7750 7751 7752 7753 7754 7755 7756 7757 7758 
1 2 4060 7726 4 7759 4062 7760 7761 7762 7763 7764 7765 7766 7767 7768 7769 7770 7771 7772 7773 7774 7775 7776 7777 7778 7779 7780 7781 7782 7783 7784 7785 7786 
1 111 7787 7727 311 7788 7789 7790 7791 7792 7793 7794 7795 7796 7797 7798 7799 7800 7801 7802 
1 2 7803 7804 4 7805 7806 7807 7808 7809 7810 7811 7812 7813 7814 7815 7816 7817 7818 7819 7820 7821 
1 416 7822 7823 
310 7608 116 7609 4 7804 5 7805 7821 7803 177 7543 178 7731 7758 7730 311 7727 463 7788 7802 7787 312 7610 313 7611 33 7613 137 7728 314 7729 
1 416 7824 7825 
1 31 7826 7613 33 7827 7828 7829 7830 7831 7832 7833 7834 7835 7836 7837 7838 7839 7840 7841 7842 7843 7844 7845 7846 7847 7848 7849 7850 7851 
1 416 7852 7608 310 7853 7854 3167 7855 7856 7857 7858 7859 7860 7861 7862 7863 7864 7865 7866 7867 7868 7869 7870 7871 7872 7873 7874 7875 7876 7877 7878 7879 7880 7881 7882 
1 28 7883 7884 
1 416 7885 7886 
1 114 7887 7609 116 7888 3402 7889 7890 7891 7892 7893 7894 7895 7896 7897 7898 7899 7900 7901 7902 7903 7904 7905 7906 7907 7908 7909 
1 2 7910 7911 4 7912 7913 1338 7914 7915 7916 7917 7918 7919 7920 7921 7922 7923 7924 7925 7926 7927 
310 7608 644 7853 7882 7852 116 7609 117 7888 7909 7887 4 7911 5 7912 7927 7910 177 7928 311 7929 312 7610 313 7611 33 7613 34 7827 7851 7826 137 7728 314 7729 
1 31 7930 7931 
1 135 7932 7728 137 7933 7934 4478 7935 7936 7937 7938 7939 7940 7941 7942 7943 7944 7945 7946 7947 7948 7949 7950 7951 7952 7953 7954 
1 416 7955 7956 
1 31 7957 7958 33 7959 7960 934 7961 7962 7963 7964 7965 7966 7967 7968 7969 7970 7971 7972 7973 7974 7975 7976 7977 7978 7979 7980 7981 7982 7983 7984 7985 7986 7987 7988 7989 7990 
1 362 7991 7610 312 7992 7993 7994 7995 7996 7997 7998 7999 8000 8001 8002 8003 8004 8005 8006 8007 8008 8009 8010 8011 8012 8013 8014 8015 8016 8017 8018 8019 8020 
1 416 8021 8022 
1 135 8023 8024 
1 2 8025 8026 4 8027 8028 8029 8030 8031 8032 8033 8034 8035 8036 8037 8038 8039 8040 8041 8042 8043 8044 8045 8046 8047 8048 
1 28 8049 7729 314 8050 8051 8052 8053 8054 8055 8056 8057 8058 8059 8060 8061 8062 8063 8064 8065 8066 8067 8068 8069 8070 8071 8072 8073 8074 8075 8076 8077 8078 
1 56 8079 7928 177 8080 8081 8082 8083 8084 8085 8086 8087 8088 8089 8090 8091 8092 8093 8094 
1 2 8095 8096 
1 135 8097 8098 137 8099 8100 8101 8102 8103 8104 8105 8106 8107 8108 8109 8110 8111 8112 8113 8114 8115 8116 8117 8118 8119 8120 8121 8122 8123 
1 2 8124 8125 4 8126 8127 8128 8129 8130 8131 8132 8133 8134 8135 8136 8137 8138 8139 8140 8141 8142 8143 8144 8145 8146 8147 8148 8149 8150 8151 8152 8153 8154 8155 8156 
1 2 8157 8158 
1 31 8159 8160 
310 8161 116 8162 4 8125 5 8126 8156 8124 177 7928 178 8080 8094 8079 311 7929 312 7610 364 7992 8020 7991 313 7611 33 7958 34 7959 7990 7957 137 8098 138 8099 8123 8097 314 7729 665 8050 8078 8049 
1 114 8163 8162 116 8164 8165 8166 8167 8168 8169 8170 8171 8172 8173 8174 8175 8176 8177 8178 8179 8180 8181 8182 8183 8184 8185 8186 8187 8188 8189 8190 8191 8192 
1 416 8193 8194 
1 56 8195 8196 177 8197 8198 5491 8199 8200 8201 8202 8203 8204 8205 8206 8207 8208 8209 8210 8211 8212 8213 8214 8215 8216 
1 2 8217 8218 
1 362 8219 8220 
1 135 8221 8222 
1 416 4156 8223 
310 8161 116 8162 117 8164 8192 8163 4 8224 177 8196 178 8197 8216 8195 311 7929 312 8225 313 7611 33 8226 137 8227 314 8228 
1 362 8229 8230 
1 25 8231 8232 
1 111 8233 7929 311 8234 8235 8236 8237 8238 8239 8240 8241 8242 8243 8244 8245 8246 
1 31 8247 8248 
1 2 8249 8224 4 8250 8251 8252 8253 8254 8255 8256 8257 8258 8259 8260 8261 8262 8263 8264 8265 8266 8267 8268 8269 8270 
1 362 8271 8225 312 8272 8273 8274 8275 8276 8277 8278 8279 954 8280 8281 8282 8283 8284 8285 
1 135 8286 8227 137 8287 8288 8289 8290 8291 8292 8293 8294 2092 8295 8296 8297 8298 8299 8300 
310 8161 116 8301 4 8224 5 8250 8270 8249 177 8302 311 7929 463 8234 8246 8233 312 8225 364 8272 8285 8271 313 7611 33 8226 137 8227 138 8287 8300 8286 314 8228 
1 416 8303 8161 310 8304 8305 8306 8307 8308 8309 8310 8311 8312 8313 8314 8315 8316 8317 8318 8319 8320 8321 5041 8322 8323 8324 8325 8326 8327 8328 8329 8330 8331 8332 8333 
1 2 8334 8335 4 8336 8337 8338 8339 8236 8340 8341 8342 8343 8344 8345 8346 8347 8348 8349 8350 8351 8352 8353 8354 8355 8356 8357 8358 8359 8360 8361 8362 8363 8364 8365 
310 8161 644 8304 8333 8303 116 8301 4 8335 5 8336 8365 8334 177 8302 311 8366 312 8367 313 7611 33 8226 137 8368 314 8228 
1 111 8369 8366 311 8370 8371 8372 8373 8374 8375 8376 8377 8378 8379 8380 8381 8382 8383 8384 8385 8386 8387 8388 
1 416 8389 8390 
1 25 8391 7611 313 8392 8393 8394 8395 8396 8397 8398 8399 8400 8401 8402 8403 8404 8405 8406 8407 8408 8409 8410 8411 994 8412 8413 8414 8415 
1 111 8416 8417 311 8418 8419 8420 8421 8422 8423 8424 8425 8426 8427 8428 8429 8430 8431 8432 8433 8434 8435 8436 8437 8438 8439 8440 8441 8442 8443 8444 
1 362 8445 8446 
1 114 8447 8301 116 8448 8449 8450 8451 8452 8453 1641 8454 6384 8455 8456 8457 8458 8459 8460 8461 8462 8463 8464 8465 8466 8467 8468 8469 8470 8471 8472 
1 56 8473 8474 
1 31 8475 8226 33 8476 8477 6416 8478 8479 8480 8481 8482 8483 8484 8485 8486 8487 8488 8489 
1 25 8490 8491 313 8492 8493 8494 8495 8496 8497 8498 8499 8500 8501 8502 8503 8504 8505 8506 8507 8508 8509 8510 8511 8512 8513 8514 8515 8516 8517 8518 
1 25 8519 8520 313 8521 8522 8523 8524 8525 8526 8527 8528 8529 8530 8531 8532 8533 8534 8535 8536 8537 8538 8539 8540 8541 8542 8543 
1 25 8544 8545 313 8546 8547 8548 8549 8111 8550 8551 8552 8553 8554 8555 8556 8557 8558 8559 8560 8561 8562 8563 
1 114 8564 8565 116 8566 8567 8568 8569 8570 8571 8572 8573 8574 8575 8576 8577 8578 8579 8580 8581 8582 8583 8584 8585 8586 8587 8588 8589 8590 8591 8592 8593 8594 8595 8596 8597 8598 
1 416 8599 8600 
310 8601 116 8565 117 8566 8598 8564 4 8602 177 8302 311 8417 463 8418 8444 8416 312 8367 313 8545 377 8546 8563 8544 33 8226 34 8476 8489 8475 137 8368 314 8228 
1 111 8603 8604 
1 25 8605 8606 
1 114 8607 8608 116 8609 8610 8611 8612 8613 8614 8615 8616 8617 8618 8619 8620 8621 8622 8623 8624 8625 8626 8627 8628 8629 
1 114 8630 8631 
1 2 8632 8602 4 8633 8634 8635 8636 8637 8638 8639 8640 8641 8642 8643 8644 8645 8646 8647 8648 8649 
1 416 8650 8651 
1 2 8652 8653 4 8654 8655 8656 8657 8658 8659 8660 8661 8662 8663 8664 8665 8666 8667 8668 8669 8670 8671 8672 8673 8674 8675 8676 8677 8678 8679 8680 8681 8682 
1 114 8683 8684 116 8685 8686 8687 8688 4626 8689 8690 8691 8692 8693 8694 8695 8696 8697 8698 8699 8700 8701 8702 8703 8704 8705 8706 8707 8708 8709 8710 8711 8712 8713 8714 8715 8716 
310 8601 116 8684 117 8685 8716 8683 4 8653 5 8654 8682 8652 177 8302 311 8717 312 8367 313 8718 33 8719 137 8368 314 8228 
1 114 8720 8721 
1 2 8722 8723 4 8724 8725 8726 8727 8728 8729 8730 8731 8732 8733 8734 8735 8736 8737 8738 8739 8740 8741 8742 8743 8744 8745 8746 8747 8748 
1 416 8749 8750 
1 28 8751 8752 
1 135 8753 8754 
1 56 8755 8302 177 8756 8757 8758 8759 8760 8761 8762 8763 8764 8765 8766 8767 8768 8769 8770 8771 8772 8773 8774 8775 8776 8777 8778 8779 8780 8781 8782 8783 8784 8785 8786 
1 28 8787 8788 
1 56 8789 8790 
1 135 8791 8368 137 8792 8793 8794 8795 8796 8797 8798 8799 8710 8800 3066 8801 8802 
1 31 8803 8719 33 8804 8805 8806 8807 8808 8809 8810 8811 8812 8813 8814 8815 8816 
1 25 8817 8818 
1 28 8819 8820 
1 114 8821 8822 
1 56 8823 8824 177 8825 8826 8827 8828 8829 8830 8831 8832 8833 8834 8835 8836 8837 8838 8839 8840 8841 8842 8843 8844 8845 8846 8847 8848 8849 8850 8851 
1 28 8852 8853 
310 8601 116 8854 4 8723 5 8724 8748 8722 177 8824 178 8825 8851 8823 311 8717 312 8367 313 8718 33 8719 34 8804 8816 8803 137 8368 138 8792 8802 8791 314 8228 
1 2 543 544 
1 56 8855 8856 177 8857 8858 8859 8860 8861 8862 8863 8864 8865 8866 8867 8868 8869 8870 8871 8872 8873 8874 8875 
1 31 8876 8877 33 8878 8879 8880 8881 8882 8883 6153 8884 8885 8886 8887 8888 8889 8890 8891 8892 8893 8894 8895 
1 28 8896 8897 
1 2 8898 8899 
1 416 8900 8601 310 8901 8902 8903 8904 8905 8906 8907 8908 8909 8910 2917 8911 767 8912 5724 8913 8914 8915 8916 8917 8918 8919 8920 8921 8922 8923 8924 8925 8926 8927 8928 8929 8930 
1 111 8931 8717 311 8932 8933 8934 8935 8936 8937 8938 8939 8940 8941 8942 8943 8944 8945 8946 8947 8948 
1 28 8949 8228 314 8950 8951 8952 8953 8954 8955 8956 8957 8958 8959 8960 8961 8962 8963 8964 8965 8966 
1 135 8967 8968 137 8969 8970 8971 8972 8973 8974 8975 8976 8977 8978 8979 8980 8981 
1 111 8982 8983 311 8984 8985 8986 8987 8988 8989 8990 8991 8992 8993 8994 8995 8996 8997 8998 8999 9000 9001 9002 9003 9004 9005 9006 9007 9008 9009 9010 
1 111 9011 9012 
1 111 9013 9014 
1 362 9015 8367 312 9016 9017 9018 9019 9020 9021 9022 9023 9024 9025 9026 9027 9028 9029 9030 
1 2 9031 9032 
1 111 9033 9034 
1 28 9035 9036 
1 362 9037 9038 
310 8601 644 8901 8930 8900 116 8854 4 9039 177 8856 178 8857 8875 8855 311 8983 463 8984 9010 8982 312 8367 364 9016 9030 9015 313 8718 33 8877 34 8878 8895 8876 137 8968 138 8969 8981 8967 314 8228 665 8950 8966 8949 
1 31 9040 9041 
1 56 9042 9043 
1 362 9044 9045 312 9046 9047 9048 9049 9050 9051 9052 9053 9054 9055 9056 9057 9058 9059 9060 9061 9062 9063 9064 
1 111 9065 9066 
1 28 9067 9068 
1 416 9069 9070 
1 362 9071 9072 312 9073 9074 9075 9076 9077 9078 9079 9080 9081 9082 9083 9084 9085 9086 9087 9088 9089 
310 9090 116 8854 4 9039 177 9091 311 9092 312 9072 364 9073 9089 9071 313 8718 33 9093 137 9094 314 9095 
1 362 9096 9097 
1 2 9098 9039 4 9099 9100 6429 9101 9102 9103 9104 9105 9106 9107 9108 9109 9110 9111 9112 9113 9114 
1 416 9115 9116 
1 31 9117 9118 
1 362 9119 9120 
1 31 9121 9122 
1 2 9123 9124 4 9125 9126 9127 9128 9129 9130 9131 9132 9133 9134 9135 9136 9137 9138 9139 
1 111 9140 9141 
1 362 9142 9143 
1 31 9144 9093 33 9145 9146 9147 9148 9149 9150 9151 9152 9153 9154 9155 9156 9157 9158 9159 9160 9161 9162 9163 
1 2 9164 9165 4 9166 9167 9168 9169 9170 9171 9172 9173 9174 9175 9176 9177 9178 9179 9180 9181 9182 9183 9184 9185 9186 9187 9188 9189 9190 9191 9192 9193 9194 
1 362 9195 9196 
1 114 9197 9198 
1 362 9199 9200 
1 135 9201 9094 137 9202 9203 9204 9205 8580 9206 9207 9208 9209 9210 9211 9212 9213 9214 9215 9216 9217 9218 9219 9220 9221 9222 9223 9224 9225 
1 25 9226 8718 313 9227 9228 9229 9230 9231 9232 9233 9234 9235 9236 9237 9238 9239 9240 9241 9242 9243 9244 9245 9246 9247 
1 362 9248 9249 312 9250 9046 9251 9252 9253 9254 9255 9256 9257 9258 9259 9260 9261 9262 9263 9264 9265 9266 9267 9268 9269 9270 9271 9272 9273 9274 9275 9276 9277 9278 9279 
1 31 9280 9281 33 9282 9283 9284 9285 9286 9287 9288 9289 9290 9291 9292 9293 9294 9295 9296 
1 114 9297 9298 
1 416 9299 9300 
1 135 9301 9302 
1 28 9303 9304 
1 416 9305 9090 310 9306 9307 9308 9309 9310 9311 9312 9313 9314 9315 9316 9317 9318 
1 416 9319 9320 310 9321 9322 9323 9324 9325 9326 9327 9328 9329 9330 9331 9332 9333 9334 9335 9336 9337 9338 9339 9340 9341 9342 9343 
1 28 9344 9095 314 9345 9346 8044 9347 9348 9349 9350 9351 9352 9353 9354 9355 9356 9357 9358 9359 9360 
1 25 9361 9362 
1 28 9363 9364 
310 9320 644 9321 9343 9319 116 8854 4 9165 5 9166 9194 9164 177 9091 311 9092 312 9249 364 9250 9279 9248 313 8718 377 9227 9247 9226 33 9281 34 9282 9296 9280 137 9094 138 9202 9225 9201 314 9095 665 9345 9360 9344 
1 2 9365 9366 4 9367 9368 9369 9370 9371 9372 9373 9374 9375 9376 9377 9378 9379 
1 25 9380 9381 313 9382 9383 9384 9385 9386 9387 9388 9389 9390 9391 9392 9393 9394 9395 6215 9396 9397 9398 9399 9400 9401 9402 9403 9404 9405 9406 9407 9408 9409 
1 28 9410 9411 314 9412 9413 9414 9415 9416 9417 9418 9419 9420 9421 9422 9423 9424 9425 9426 9427 9428 9429 9430 9431 9432 9433 9434 9435 9436 9437 9438 9439 9440 9441 9442 9443 9444 
1 31 7072 9445 33 9446 9447 9448 9449 9450 9451 9452 9453 9454 9455 9456 9457 9458 9459 9460 9461 9176 9462 9463 9464 9465 9466 9467 9468 9469 
1 416 9470 9471 
1 135 9472 9473 
1 31 9474 9475 
1 2 9476 9477 4 9478 9479 9480 9481 9482 9483 9484 9485 9486 9487 9488 9489 9490 9491 9492 9493 9494 9495 9496 9497 9498 9499 9500 9501 9502 
1 416 9503 9504 
1 28 9505 9506 
1 31 9507 9508 33 9509 9510 9511 9512 683 9513 9514 9515 9516 9517 9518 9519 9520 9521 9522 9523 9524 9525 9526 9527 9528 9529 9530 9531 9532 9533 9534 9535 9536 9537 9538 
1 135 9539 9540 137 9541 9542 9543 9544 9545 9546 9547 9548 5067 9549 9550 9551 9552 9553 9554 9555 6165 9556 9557 9558 9559 9560 9561 9562 9563 9564 9565 9566 9567 9568 9569 
310 9570 116 8854 4 9477 5 9478 9502 9476 177 9091 311 9092 312 9571 313 9381 377 9382 9409 9380 33 9508 34 9509 9538 9507 137 9540 138 9541 9569 9539 314 9411 665 9412 9444 9410 
1 416 9572 9570 310 9573 9574 9575 9576 9577 9578 9579 9580 9581 9582 9583 9584 9585 
1 416 9586 9587 310 9588 9589 9590 9591 9592 9593 9594 9595 9596 9597 9598 9599 9600 9601 9602 9603 9604 9605 9606 9607 9608 9609 9610 9611 9612 9613 9614 
1 135 9615 9616 137 9617 9618 3506 9619 9620 9621 9622 9623 9624 9625 9626 9627 9628 9629 9630 9631 9632 9633 9634 9635 9636 9637 9638 
310 9587 644 9588 9614 9586 116 8854 4 9639 177 9091 311 9092 312 9571 313 9640 33 9641 137 9616 138 9617 9638 9615 314 9642 
1 2 9643 9639 4 9644 9645 9646 9647 9648 9649 9650 9651 9652 9653 9654 9655 9656 9657 9658 9659 9660 9661 9662 9663 9664 9665 9666 9667 9668 9669 9670 9671 9672 9673 9674 9675 9676 
1 135 9677 9678 137 9679 9680 9681 9682 9683 9684 9685 9686 9687 9688 9689 9690 9691 9692 9693 
310 9694 116 8854 4 9639 5 9644 9676 9643 177 9091 311 9092 312 9571 313 9640 33 9641 137 9678 138 9679 9693 9677 314 9642 
1 56 9695 9696 
1 111 9697 9092 311 9698 9699 9700 9701 9702 9703 9704 9705 9706 9707 9708 9709 9710 9711 9712 9713 9714 9715 9716 9717 9718 
1 31 9719 9641 33 9720 9721 9722 9723 9724 9725 9726 9727 9728 9729 9730 9731 9732 9733 9734 9735 9736 9737 9738 
310 9694 116 8854 4 9739 177 9091 311 9092 463 9698 9718 9697 312 9571 313 9640 33 9641 34 9720 9738 9719 137 9740 314 9642 
1 416 9741 9694 310 9742 9743 9744 9745 9746 9747 9748 9749 9750 9751 9752 9753 9754 9755 9756 9757 9758 9759 9388 9760 9761 9762 9763 9764 521 9765 9766 9767 9768 
1 135 9769 9740 137 9770 9771 9772 9773 9774 9775 9776 9777 9778 9779 9780 9781 9782 9783 9784 9785 9786 9787 9788 
1 111 9789 9790 311 9791 9792 9793 9794 9795 9796 9797 9798 9799 9800 9801 9802 9803 9804 9805 9806 9807 9808 9809 9810 9811 9812 9813 9814 9815 9816 9817 9818 9819 
1 135 9820 9821 
1 362 9822 9571 312 9823 9824 9825 9826 9827 9828 9829 9830 9831 9832 9833 9834 9835 
1 111 9836 9837 
1 25 9838 9640 313 9839 9840 9841 9842 9843 9844 9845 9846 9847 9848 9849 9850 9851 9852 9853 9854 9855 9856 9857 9858 9859 9860 9861 
1 114 9862 9863 
1 114 9864 8854 116 9865 9866 9867 9868 9869 9870 9871 9872 9873 9874 9875 9876 9877 9878 9879 9880 9881 9882 9883 9884 9885 9886 9887 9888 9889 9890 9891 9892 9893 9894 9895 
310 9694 644 9742 9768 9741 116 8854 117 9865 9895 9864 4 9739 177 9091 311 9790 463 9791 9819 9789 312 9571 364 9823 9835 9822 313 9640 377 9839 9861 9838 33 9896 137 9740 138 9770 9788 9769 314 9642 
1 362 9897 9898 
1 114 9899 9900 
1 111 9901 9902 311 9903 9904 9905 9906 9907 9908 497 9909 9910 9911 9912 9913 9914 9915 9916 9917 9918 9919 9920 
310 9921 116 9922 4 9739 177 9091 311 9902 463 9903 9920 9901 312 9923 313 9924 33 9896 137 9925 314 9642 
1 111 9926 9927 311 9928 9929 9930 9931 9932 9933 9934 9935 9936 9937 9938 9939 9940 9941 9942 9943 9944 9945 9946 9947 9948 9949 9950 9951 944 9952 9953 9954 9955 9956 9957 
1 2 9958 9739 4 9959 9960 9961 9962 9963 9964 9965 9966 9967 9968 9969 9970 9971 9972 9973 9974 9975 9976 9977 
1 56 9978 9091 177 9979 9980 9981 9982 9983 9984 9985 9986 9987 9988 9989 9990 9991 9992 9993 9994 9995 9996 9997 9998 9999 10000 10001 10002 10003 
1 25 10004 10005 
1 25 10006 10007 
1 135 10008 10009 
1 416 10010 9921 310 10011 10012 10013 10014 10015 10016 10017 10018 10019 10020 10021 10022 10023 10024 10025 10026 10027 10028 10029 10030 10031 10032 10033 10034 10035 
1 362 10036 10037 
1 2 10038 10039 
1 31 10040 9896 33 10041 10042 10043 10044 10045 10046 10047 10048 10049 10050 10051 10052 10053 10054 10055 10056 10057 10058 10059 10060 10061 10062 10063 10064 10065 10066 10067 10068 10069 
1 135 10070 9925 137 10071 10072 3304 10073 10074 10075 10076 10077 10078 10079 10080 10081 10082 10083 10084 10085 10086 10087 10088 10089 10090 10091 10092 10093 10094 10095 10096 10097 10098 
1 114 1817 10099 
1 362 10100 10101 
1 362 10102 9923 312 10103 10104 10105 10106 10107 10108 10109 10110 10111 10112 10113 10114 10115 10116 10117 10118 10119 10120 10121 10122 10123 10124 10125 
310 9921 644 10011 10035 10010 116 9922 4 9739 5 9959 9977 9958 177 9091 178 9979 10003 9978 311 9927 463 9928 9957 9926 312 9923 364 10103 10125 10102 313 9924 33 9896 34 10041 10069 10040 137 9925 138 10071 10098 10070 314 9642 
1 416 10126 10127 310 10128 10129 10130 10131 10132 10133 10134 10135 10136 10137 10138 10139 10140 10141 10142 10143 10144 10145 10146 10147 10148 10149 10150 10151 10152 10153 10154 
310 10127 644 10128 10154 10126 116 9922 4 10155 177 10156 311 10157 312 10158 313 9924 33 10159 137 10160 314 9642 
1 111 10161 10157 311 10162 10163 10164 10165 10166 10167 10168 10169 10170 10171 10172 10173 10174 10175 8351 10176 10177 10178 10179 10180 10181 
1 114 10182 10183 
1 111 10184 10185 311 10186 10187 10188 10189 10190 10191 10192 10193 10194 10195 10196 10197 10198 10199 10200 10201 10202 10203 10204 10205 10206 
1 362 10207 10158 312 10208 10209 5876 10210 10211 10212 10213 10214 10215 10216 10217 10218 10219 
1 135 10220 10160 137 10221 10222 10223 10224 10225 10226 10227 10228 10229 10230 10231 10232 10233 10234 10235 10236 10237 10238 10239 10240 10241 10242 10243 10244 10245 10246 10247 10248 10249 10250 10251 
1 114 10252 10253 
1 28 10254 9642 314 10255 10256 10257 10258 10259 10260 10261 10262 10263 10264 10265 10266 10267 10268 10269 10270 10271 10272 5272 10273 10274 10275 10276 
1 25 10277 10278 
310 10279 116 9922 4 10155 177 10156 311 10185 463 10186 10206 10184 312 10158 364 10208 10219 10207 313 9924 33 10159 137 10160 138 10221 10251 10220 314 9642 665 10255 10276 10254 
1 2 10280 10155 4 10281 10282 10283 10284 10285 10286 10287 10288 10289 10290 10291 10292 10293 10294 10295 10296 10297 10298 10299 10300 8236 10301 10302 10303 10304 10305 10306 10307 10308 10309 10310 10311 10312 
310 10279 116 9922 4 10155 5 10281 10312 10280 177 10156 311 10313 312 10314 313 9924 33 10159 137 10315 314 10316 
1 111 10317 10313 311 10318 10319 4203 10320 10321 10322 10323 10324 10325 10326 10327 10328 10329 10330 10331 10332 10333 
1 111 10334 10335 311 10336 10337 10338 10339 10340 10341 10342 10343 10344 10345 10346 10347 10348 10349 9284 10350 10351 
1 25 10352 10353 
1 56 10354 10156 177 10355 10356 10357 10358 10359 10360 10361 10362 10363 10364 10365 10366 10367 10368 10369 10370 10371 10372 10373 10374 10375 10376 10377 10378 10379 10380 10381 10382 10383 
1 416 10384 10279 310 10385 1079 10386 10387 10388 10389 10390 10391 10392 10393 10394 10395 10396 10397 10398 10399 10400 10401 10402 10403 10404 10405 10406 10407 10408 10409 10410 10411 10412 
1 56 10413 10414 
1 111 10415 10416 
310 10279 644 10385 10412 10384 116 9922 4 10417 177 10156 178 10355 10383 10354 311 10335 463 10336 10351 10334 312 10314 313 9924 33 10159 137 10315 314 10316 
1 416 10418 10419 
1 56 10420 10421 
310 10422 116 9922 4 10417 177 10423 311 10424 312 10314 313 9924 33 10159 137 10315 314 10316 
1 31 10425 10159 33 10426 10427 9235 10428 10429 10430 10431 10432 10433 10434 10435 10436 10437 10438 10439 10440 10441 10442 10443 10444 10445 10446 10447 10448 10449 10450 10451 10452 10453 
1 28 10454 10455 
1 416 10456 10457 
310 10422 116 9922 4 10417 177 10423 311 10424 312 10314 313 9924 33 10159 34 10426 10453 10425 137 10315 314 10316 
1 2 10458 10459 
1 2 10460 10461 
1 56 10462 10423 177 10463 10464 10465 10466 10467 10468 10469 10470 10471 10472 10473 10474 10475 10476 10477 
1 25 10478 9924 313 10479 10480 10481 10482 5419 10483 10484 10485 10486 10487 10488 10489 10490 10491 10492 10493 10494 10495 10496 10497 10498 10499 10500 
1 111 10501 10502 
1 31 10503 10504 
1 416 10505 10422 310 10506 10507 10508 10509 10510 10511 10512 10513 10514 10515 10516 10517 10518 
1 111 10519 10520 
1 31 10521 10522 
1 25 10523 10524 
1 31 10525 10526 33 10527 10528 10529 10530 10531 10532 10533 10534 10535 10536 10537 10538 10539 10540 10541 10542 10543 10544 10545 10546 10547 10548 10549 
1 362 10550 10314 312 10551 10552 954 10553 10554 10555 10556 10557 10558 10559 10560 10561 10562 10563 10564 
1 362 10565 10566 312 10567 10568 10569 10570 10571 10572 10573 10574 10575 10576 10577 10578 10579 10580 10581 10582 10583 10584 10585 
1 56 10586 10587 177 10588 10589 10590 10591 10592 10593 10594 10595 10596 10597 10598 10599 10600 10601 10602 10603 10604 10605 10606 10607 10608 10609 10610 10611 10612 10613 10614 10615 10616 
310 10422 644 10506 10518 10505 116 9922 4 10417 177 10587 178 10588 10616 10586 311 10424 312 10566 364 10567 10585 10565 313 9924 377 10479 10500 10478 33 10526 34 10527 10549 10525 137 10315 314 10316 
1 56 10617 10618 177 5148 10619 10620 10621 10622 10623 10624 10625 10626 10627 10628 10629 10630 10631 10632 
1 114 10633 9922 116 10634 7028 10635 10636 10637 10638 10639 10640 10641 10642 10643 10644 10645 10646 10647 10648 10649 10650 10651 10652 10653 10654 10655 10656 10657 10658 10659 10660 10661 10662 10663 10664 10665 
1 2 10666 10667 
1 28 10668 10316 314 10669 10670 10671 10672 10673 10674 10675 10676 10677 10678 10679 10680 10235 10681 10257 10682 10683 10684 10685 10686 10687 10688 10689 10690 10691 
310 10692 116 9922 117 10634 10665 10633 4 10417 177 10618 178 5148 10632 10617 311 10424 312 10693 313 10694 33 10695 137 10315 314 10316 665 10669 10691 10668 
1 28 10696 10697 314 10698 10699 10700 10701 10702 10703 10704 10705 10706 10707 10708 10709 10710 10711 10712 10713 10714 10715 10716 10717 10718 10719 10720 10721 10722 10723 10724 10725 10726 10727 10728 
1 111 10729 10424 311 10730 10731 10732 10733 10734 10735 10736 10737 10738 10739 10740 10741 10742 10743 10744 10745 10746 10747 10748 10749 10750 10751 10752 10753 10754 10755 10756 10757 10758 10759 10760 
1 135 10761 10315 137 10762 10763 10764 10765 10766 10767 10768 10769 10770 10771 10772 10773 10774 
1 135 10775 10776 137 10777 10778 10779 10780 10781 10782 10783 10784 10785 10786 10787 10788 10789 10790 10791 10792 10793 10794 10795 10796 10797 
1 31 10798 10695 33 10799 10800 10801 10802 8468 10803 10804 10805 10806 10807 10808 10809 10810 10811 10812 10813 10814 10815 10816 10817 10818 
1 2 10819 10820 
1 416 10821 10822 
1 114 10823 10824 116 10825 10826 10827 10828 2215 10829 10830 10831 968 10832 10833 10834 10835 10836 10837 10838 10839 10840 10841 10842 10843 10844 10845 
1 111 10846 10847 
1 31 10848 10849 33 10850 10851 10852 10853 10854 10855 10856 10857 10858 10859 10860 10861 10862 10863 10864 10865 10866 10867 10868 
1 111 10869 10870 311 10871 10872 10873 10874 10875 10876 10877 10878 10879 10880 10881 10882 10883 10884 10885 10886 10887 10888 10889 10890 10891 10892 10893 
1 25 10894 10895 
1 25 10896 10694 313 10897 10898 10899 10900 10901 10902 10903 10904 10905 10906 10907 10908 10909 10910 10911 10912 10913 10914 10915 10916 10917 10918 10919 10920 10921 10922 10923 10924 10925 10926 10927 10928 10929 
1 25 10930 10931 
1 362 10932 10933 
1 111 10934 10935 311 10936 10937 10938 10939 10940 10941 10942 10943 10944 10945 10946 10947 10948 10949 10950 10951 10952 10953 10954 10955 10956 10957 10958 10959 10960 
310 10692 116 10824 117 10825 10845 10823 4 10417 177 10961 311 10935 463 10936 10960 10934 312 10693 313 10694 377 10897 10929 10896 33 10849 34 10850 10868 10848 137 10776 138 10777 10797 10775 314 10697 665 10698 10728 10696 
1 114 10962 10963 
1 416 10964 10965 
1 416 10966 10967 
1 2 10968 10417 4 10969 10970 10971 10972 10973 10974 10975 10976 10977 10978 10979 10980 10981 10982 10983 10984 10985 10986 10987 
1 416 10988 10692 310 10989 10990 10991 10992 10993 10994 10995 10996 10997 10998 10999 11000 11001 11002 11003 11004 11005 11006 11007 
1 25 11008 11009 313 11010 11011 11012 11013 11014 11015 11016 11017 11018 11019 11020 11021 11022 11023 11024 11025 11026 11027 11028 11029 11030 11031 11032 
1 362 11033 11034 
1 25 11035 11036 
1 416 11037 11038 
1 25 11039 11040 313 11041 11042 11043 11044 11045 11046 11047 11048 11049 11050 11051 11052 11053 11054 11055 11056 11057 11058 11059 11060 11061 11062 11063 11064 11065 11066 11067 11068 11069 11070 11071 11072 11073 
1 114 11074 11075 
310 10692 644 10989 11007 10988 116 11076 4 10417 5 10969 10987 10968 177 10961 311 11077 312 10693 313 11040 377 11041 11073 11039 33 11078 137 11079 314 11080 
1 25 11081 11082 
1 2 11083 11084 4 11085 11086 11087 11088 11089 11090 11091 11092 11093 11094 11095 11096 11097 11098 11099 11100 11101 11102 11103 11104 11105 11106 11107 11108 11109 11110 11111 11112 11113 
1 114 11114 11115 
1 111 11116 11117 
1 111 11118 11077 311 11119 11120 11121 11122 11123 11124 11125 11126 11127 11128 11129 11130 11131 
1 362 11132 11133 
1 135 11134 11135 
1 25 11136 11137 313 11138 11139 11140 11141 11142 11143 11144 11145 11146 11147 11148 11149 11150 11151 11152 11153 11154 11155 11156 11157 11158 11159 11160 11161 11162 11163 11164 11165 11166 11167 11168 
1 31 11169 11078 33 11170 11171 11172 11173 11174 11175 11176 11177 11178 11179 11180 11181 11182 11183 11184 11185 11186 11187 11188 11189 11190 11191 11192 11193 11194 11195 11196 
1 416 11197 11198 
1 25 11199 11200 
1 31 11201 11202 
1 114 11203 11076 116 11204 11205 11206 11207 11208 11209 11210 11211 11212 11213 11214 11215 11216 11217 11218 11219 11220 11221 11222 11223 11224 11225 11226 11227 11228 11229 11230 
1 2 11231 11232 
1 114 11233 11234 116 11235 11236 11237 11238 11239 11240 11241 11242 11243 11244 11245 11246 11247 
1 111 11248 11249 
1 31 11250 11251 
1 111 11252 11253 311 11254 11255 11256 11257 11258 11259 11260 11261 11262 11263 11264 11265 11266 11267 11268 11269 11270 11271 11272 11273 11274 11275 1593 11276 11277 11278 11279 11280 11281 
1 28 11282 11080 314 11283 11284 11285 11286 11287 11288 11289 11290 11291 11292 11293 11294 11295 11296 11297 11298 11299 11300 11301 11302 11303 11304 11305 11306 11307 11308 11309 11310 11311 
1 56 11312 10961 177 11313 11314 11315 11316 11317 11318 11319 11320 11321 11322 5018 11323 11324 11325 11326 11327 11328 11329 11330 11331 11332 11333 11334 11335 11336 11337 11338 11339 11340 11341 11342 
1 2 11343 11344 4 11345 11346 11347 11348 11349 11350 11351 11352 11353 11354 11355 11356 11357 11358 11359 11360 11361 11362 11363 11364 11365 
1 25 11366 11367 
310 11368 116 11234 117 11235 11247 11233 4 11344 5 11345 11365 11343 177 10961 178 11313 11342 11312 311 11253 463 11254 11281 11252 312 10693 313 11137 377 11138 11168 11136 33 11078 34 11170 11196 11169 137 11079 314 11080 665 11283 11311 11282 
310 11368 116 11369 4 11370 177 11371 311 11372 312 10693 313 11373 33 11374 137 11079 314 11375 
1 416 11376 11368 310 11377 11378 11379 11380 11381 11382 11383 11384 11385 11386 11387 11388 11389 11390 11391 11392 11393 11394 11395 11396 11397 11398 11399 
1 25 11400 11401 
1 56 11402 11403 
1 416 11404 11405 310 11406 11407 11408 11409 11410 11411 11412 11413 11414 11415 11416 11417 11418 11419 11420 11421 11422 11423 11424 11425 11426 
1 362 11427 10693 312 11428 11429 11430 11431 11432 11433 11434 11435 11436 11437 11438 11439 11440 11441 11442 11443 11444 11445 11446 11447 11448 
1 416 6619 11449 
1 114 11450 11451 
310 11405 644 11406 11426 11404 116 11369 4 11370 177 11371 311 11372 312 10693 364 11428 11448 11427 313 11373 33 11374 137 11079 314 11375 
310 11452 116 11369 4 11370 177 11371 311 11372 312 11453 313 11373 33 11374 137 11079 314 11375 
310 11452 116 11369 4 11370 177 11371 311 11372 312 11453 313 11373 33 11374 137 11079 314 11375 
1 135 11454 11079 137 11455 11456 11457 11458 11459 11460 3045 11461 11462 11463 11464 11465 11466 11467 11468 11469 11470 11471 11472 11473 11474 
1 135 11475 11476 137 11477 11478 11479 11480 11481 11482 11483 11484 11485 11486 11487 11488 11489 11490 11491 11492 11493 11494 11495 11496 11497 11498 11499 11500 11501 11502 11503 11504 11505 11506 11507 11508 11509 
1 416 11510 11511 
1 362 11512 11453 312 11513 11514 11515 11516 11517 11518 11519 11520 11521 11522 11523 11524 11525 11526 11527 11528 7314 11529 11530 11531 11532 11533 11534 11535 11536 
1 135 11537 11538 
1 25 11539 11540 
310 11452 116 11369 4 11370 177 11371 311 11372 312 11453 364 11513 11536 11512 313 11373 33 11374 137 11476 138 11477 11509 11475 314 11375 
310 11452 116 11369 4 11370 177 11371 311 11372 312 11541 313 11373 33 11374 137 11542 314 11375 
1 28 11543 11544 
310 11452 116 11369 4 11370 177 11371 311 11372 312 11541 313 11373 33 11374 137 11542 314 11375 
1 362 11545 11541 312 11546 11547 712 11548 11549 11550 11551 11552 11553 11554 11555 11556 11557 11558 11559 11560 467 11561 11562 
1 25 11563 11564 
1 31 11565 11566 
1 31 11567 11568 
310 11452 116 11369 4 11370 177 11371 311 11372 312 11541 364 11546 11562 11545 313 11373 33 11374 137 11542 314 11375 
1 28 11569 11570 
1 135 11571 11542 137 11572 11573 11574 11575 11576 11577 11578 11579 11580 11581 11582 11583 11584 11585 11586 11587 11588 11589 11590 
1 114 11591 11592 
310 11452 116 11369 4 11370 177 11371 311 11372 312 11593 313 11373 33 11374 137 11542 138 11572 11590 11571 314 11375 
1 2 11594 11370 4 11595 11596 11597 11598 11599 11600 11601 11602 11603 11604 11605 11606 11607 11608 11609 11610 11611 11612 11613 11614 11615 11616 11617 
1 2 11618 11619 
310 11452 116 11369 4 11370 5 11595 11617 11594 177 11371 311 11372 312 11593 313 11373 33 11374 137 11620 314 11375 
1 114 11621 11622 
1 416 11623 11452 310 11624 11625 10043 11626 11627 11628 11629 11630 11631 11632 11633 11634 11635 11636 11637 11638 11639 11640 11641 
1 135 11642 11643 
1 362 11644 11645 
1 2 11646 11647 
310 11452 644 11624 11641 11623 116 11369 4 11648 177 11371 311 11372 312 11593 313 11373 33 11374 137 11620 314 11375 
1 111 11649 11372 311 11650 11651 11652 11653 11654 11655 11656 11657 11658 11659 11660 11661 11662 11663 11664 11665 11666 11667 11668 11669 11670 11671 11672 11673 11674 
1 416 11675 11676 
1 31 11677 11678 
1 25 11679 11680 
1 2 11681 11682 
1 114 11683 11684 
1 362 11685 11593 312 11686 11687 11688 11689 11690 11691 11692 11693 11694 11695 11696 11697 11698 11699 11700 11701 11702 11703 11704 11705 11706 11707 11708 11709 11710 
1 56 11711 11371 177 11712 11713 11714 11715 11716 11717 11718 11719 11720 11721 11722 11723 11724 11725 11726 11727 11728 11729 11730 11731 11732 11733 11734 11735 11736 11737 11738 
1 416 11739 11740 310 11741 11742 11743 11744 11745 11746 11747 11748 11749 11750 11751 11752 11753 11754 11755 11756 11757 11758 11759 11760 11761 11762 11763 11764 11765 11766 11767 11768 11769 
310 11740 644 11741 11769 11739 116 11369 4 11648 177 11371 178 11712 11738 11711 311 11372 463 11650 11674 11649 312 11593 364 11686 11710 11685 313 11373 33 11374 137 11620 314 11375 
1 362 11770 11771 
1 111 11772 11773 
1 2 11774 11775 
1 25 11776 11777 
1 135 11778 11620 137 11779 11780 11781 11782 11783 11784 11785 11786 11787 11788 11789 11790 11791 11792 11793 
1 31 11794 11374 33 11795 11796 11797 11798 11799 11800 11801 11802 11803 11804 11805 11806 11807 11808 11809 11810 11811 11812 11813 11814 11815 11816 11817 11818 11819 11820 11821 11822 11823 11824 11825 
1 31 11826 11827 
1 25 11828 11829 
1 31 11830 11831 33 11832 11833 11834 11835 11836 11837 3775 11838 11839 11840 11841 11842 11843 
1 56 11844 11845 
1 31 11846 11847 
1 416 11848 11849 310 11850 11851 11852 11853 11854 11855 11856 11857 11858 11859 11860 11861 11862 11863 11864 
310 11849 644 11850 11864 11848 116 11369 4 11648 177 11865 311 11866 312 11867 313 11373 33 11831 34 11832 11843 11830 137 11620 138 11779 11793 11778 314 11375 
1 362 11868 11869 
1 416 11870 11871 310 11872 11873 11874 11875 11876 11877 11878 11879 11880 11881 11882 11883 11884 11885 11886 11887 11888 11889 11890 
310 11871 644 11872 11890 11870 116 11369 4 11648 177 11865 311 11866 312 11867 313 11373 33 11891 137 11892 314 11375 
1 111 11893 11866 311 11894 11895 11896 11897 11898 11899 11900 11901 11902 11903 11904 11905 11906 11907 11908 11909 11910 11911 11912 11913 11914 11915 11916 11917 11918 11919 11920 
1 362 11921 11867 312 11922 11923 11924 11925 11926 11927 11928 11929 11930 11931 11932 11933 11934 11935 11936 11937 11938 11939 11940 11941 11942 
1 114 11943 11944 
1 25 11945 11373 313 11946 11947 11948 11949 11950 11951 11952 11953 11954 11955 11956 11957 11958 11959 11960 11961 11962 11963 11964 11965 11966 
310 11967 116 11369 4 11648 177 11865 311 11866 463 11894 11920 11893 312 11867 364 11922 11942 11921 313 11373 377 11946 11966 11945 33 11891 137 11892 314 11375 
1 416 11968 11967 310 11969 11970 11971 11972 11973 11974 11975 11976 11977 11978 11979 11980 11981 11982 11983 11984 11985 11986 11987 11988 11989 11990 11991 
1 28 11992 11375 314 11993 11994 11995 11996 11997 11998 11999 12000 12001 12002 12003 12004 12005 12006 12007 12008 12009 12010 12011 12012 706 12013 12014 
1 111 12015 12016 311 12017 12018 12019 12020 12021 12022 12023 12024 12025 12026 12027 12028 12029 
1 111 12030 12031 311 12032 12033 12034 12035 12036 12037 12038 12039 11985 12040 12041 12042 12043 
