1 2 3 4 5 6 7 8 9 10 11 12 13 14 15 16 17 18 19 20 21 22 23 24 
1 25 26 27 
28 29 4 5 24 3 30 31 32 33 34 35 36 
1 37 38 39 
40 41 42 43 44 45 46 47 48 49 50 51 52 53 54 55 56 57 58 59 60 61 62 63 64 65 66 67 
28 29 4 68 30 31 32 33 34 35 36 
28 29 4 68 30 31 32 33 34 35 36 
40 69 70 71 72 73 74 75 76 77 78 79 80 81 82 83 
1 84 85 29 86 87 88 89 90 91 92 93 94 95 96 97 
1 25 98 99 
1 100 101 34 102 103 104 105 106 107 108 109 110 111 112 113 114 115 116 117 
40 41 118 119 
40 120 121 122 123 124 125 126 127 128 129 130 131 132 133 134 135 136 137 138 139 140 
40 141 142 143 144 145 146 147 148 149 150 151 152 153 154 155 156 157 
40 120 158 159 
40 141 160 161 143 162 163 164 165 166 167 168 169 170 171 172 173 155 
1 37 174 175 
1 176 177 178 
1 2 179 180 
40 181 182 183 
40 69 184 185 71 186 187 188 189 190 191 192 193 194 195 196 197 198 199 200 201 202 203 204 205 206 207 208 209 210 211 81 
40 120 212 213 122 214 215 216 217 218 219 220 221 222 223 224 225 226 227 228 229 230 231 138 
1 100 232 233 34 234 235 236 237 238 239 240 241 242 243 244 245 246 247 248 249 250 251 252 253 254 255 256 257 258 259 260 261 262 263 115 
40 264 265 266 267 268 269 270 271 272 273 274 275 276 277 278 279 280 281 282 283 284 285 286 287 288 
40 289 290 291 
1 25 292 293 
40 120 294 295 
1 37 296 35 297 298 299 300 301 302 303 304 305 306 307 308 309 310 311 312 313 314 315 316 317 318 
28 29 86 97 85 4 68 30 31 32 33 34 233 102 234 115 232 35 297 318 296 36 
319 122 213 123 214 138 212 320 71 185 72 186 81 184 43 44 67 42 321 322 266 267 288 265 143 161 144 162 155 160 323 
40 41 324 325 
1 100 326 327 
40 328 329 330 
28 29 331 4 68 30 31 32 33 34 332 35 333 36 
40 141 334 335 143 336 337 338 339 340 341 342 343 344 345 346 347 153 
1 37 348 349 
1 100 350 332 34 351 352 353 354 355 356 357 358 359 360 361 362 363 364 365 366 367 368 369 370 113 
40 371 372 321 373 374 375 376 377 378 379 380 381 382 383 384 
40 181 385 322 386 387 388 389 390 391 392 393 394 395 396 397 398 399 400 401 402 403 404 405 406 407 
1 408 409 30 410 411 412 413 414 415 416 417 418 419 420 421 422 423 
40 328 424 425 
1 408 426 427 
1 25 428 36 429 430 431 432 433 434 435 436 437 438 439 440 441 442 443 444 445 446 447 448 449 450 451 452 453 454 
40 264 455 456 
28 29 331 4 68 30 410 423 409 31 32 33 34 332 102 351 113 350 35 333 36 429 454 428 
1 100 457 458 34 459 460 461 462 463 464 465 466 467 468 469 470 471 472 473 474 475 476 477 478 111 
40 141 479 480 143 481 482 483 484 485 486 487 488 489 490 491 492 493 494 495 496 497 498 499 500 501 502 503 504 505 506 507 508 509 510 151 
1 100 511 512 
1 2 513 68 4 514 515 516 517 518 519 520 521 522 523 524 525 526 527 22 
40 328 528 529 
28 29 331 4 68 5 514 22 513 30 530 31 32 33 34 458 102 459 111 457 35 333 36 531 
40 41 532 533 
1 534 535 33 536 537 538 539 540 541 542 543 544 545 546 547 548 549 550 551 552 553 554 555 556 557 558 559 560 561 
28 29 331 4 562 30 530 31 32 33 536 561 535 34 563 35 333 36 531 
1 2 564 562 4 565 566 567 568 569 570 571 572 573 574 575 576 577 578 579 580 581 582 583 584 585 586 20 
28 29 331 4 562 5 565 20 564 30 530 31 32 33 587 34 563 35 333 36 531 
319 122 588 320 71 589 43 590 321 373 384 372 322 386 407 385 266 591 143 480 144 481 151 479 323 
1 25 592 593 
40 181 594 595 
40 371 596 597 
40 181 598 599 322 600 601 602 603 604 605 606 607 608 609 610 611 405 
1 100 612 613 
40 614 615 616 
1 2 617 618 
1 534 619 587 33 620 621 622 623 624 625 626 627 628 629 630 631 632 633 634 635 636 637 638 639 640 641 642 643 644 645 646 647 648 649 650 651 559 
1 2 652 653 4 654 655 656 657 658 659 660 661 662 663 664 665 666 667 668 669 670 671 18 
40 141 672 673 
1 84 674 675 
40 141 676 677 
40 328 678 323 679 680 681 682 683 684 685 686 687 688 689 690 691 692 693 694 695 696 697 698 699 700 701 702 703 704 705 706 707 708 709 710 
40 141 711 712 143 713 714 715 716 717 718 719 720 721 722 723 724 725 726 727 728 729 730 731 732 733 734 735 736 737 738 149 
1 534 739 740 
40 264 741 591 266 742 743 744 745 746 747 748 749 750 751 752 753 754 755 286 
40 328 756 757 323 758 759 760 761 762 763 764 765 766 767 768 769 770 771 772 773 774 775 708 
1 100 776 563 34 777 778 779 780 781 782 783 784 785 786 787 788 789 790 791 792 793 794 795 796 797 798 109 
40 289 799 320 800 801 802 803 804 805 806 807 808 809 810 811 812 813 814 815 816 817 818 819 820 821 822 823 824 825 826 827 828 829 830 831 
1 100 832 833 
28 29 331 4 653 5 654 18 652 30 530 31 32 33 587 536 620 559 619 34 563 102 777 109 776 35 333 36 531 
40 328 834 835 
28 29 331 4 836 30 530 31 32 33 837 34 838 35 333 36 531 
40 69 839 589 71 840 841 842 843 844 845 846 847 848 849 850 851 852 853 854 855 856 857 79 
40 264 858 859 
40 120 860 588 122 861 862 863 864 865 866 867 868 869 870 871 872 873 874 875 876 877 878 879 880 881 882 883 884 885 886 887 888 136 
40 289 889 890 
1 37 891 333 35 892 893 894 895 896 897 898 899 900 901 902 903 904 905 906 907 908 909 316 
28 29 331 4 836 30 530 31 32 33 837 34 838 35 333 297 892 316 891 36 531 
40 264 910 911 266 912 913 914 915 916 917 918 919 920 921 922 923 924 925 926 927 928 929 284 
1 534 930 837 33 931 932 933 934 935 936 937 938 939 940 941 942 943 944 945 946 947 948 949 950 951 952 953 954 955 956 557 
1 408 957 958 
1 25 959 960 
40 264 961 962 
1 2 963 836 4 964 965 966 967 968 969 970 971 972 973 974 975 16 
1 37 976 977 
40 371 978 979 321 980 981 982 983 984 985 986 987 988 989 990 991 992 993 994 995 996 997 382 
40 371 998 999 
40 371 1000 1001 
40 120 1002 1003 122 1004 1005 1006 1007 1008 1009 1010 1011 1012 1013 1014 1015 1016 1017 1018 1019 1020 1021 1022 1023 1024 1025 1026 1027 1028 1029 1030 1031 1032 1033 134 
40 69 1034 1035 71 1036 1037 1038 1039 1040 1041 1042 1043 1044 1045 1046 1047 1048 1049 1050 1051 1052 1053 1054 1055 1056 1057 1058 1059 1060 1061 77 
40 371 1062 1063 
319 122 1003 123 1004 134 1002 320 800 831 799 71 1035 72 1036 77 1034 43 590 321 979 373 980 382 978 322 599 386 600 405 598 266 911 267 912 284 910 143 712 144 713 149 711 323 757 679 758 708 756 
