1 2 3 4 5 6 7 8 9 10 11 12 13 14 15 16 17 18 19 20 21 22 23 24 
1 25 26 27 
1 28 29 30 
1 31 32 33 34 35 36 37 38 39 40 41 42 43 44 45 46 47 48 49 50 51 52 53 54 55 
1 56 57 58 
1 31 59 60 33 61 62 63 64 65 66 67 68 69 70 71 72 73 74 75 76 77 78 79 80 81 82 83 84 85 86 87 88 89 90 53 
1 28 91 92 
1 31 93 94 33 95 96 97 98 99 100 101 102 103 104 105 106 107 108 109 110 51 
1 111 112 113 
1 114 115 116 117 118 119 120 121 122 123 124 125 126 127 128 129 130 131 132 133 134 
1 135 136 137 138 139 140 141 142 143 144 145 146 147 148 149 150 151 
1 114 152 153 
1 135 154 155 137 156 157 158 159 160 161 162 163 164 165 166 167 149 
1 135 168 169 
1 111 170 171 
1 2 172 173 
1 25 174 175 
1 56 176 177 178 179 180 181 182 183 184 185 186 187 188 189 190 191 192 193 194 195 196 197 198 199 200 201 202 203 
1 114 204 205 116 206 207 208 209 210 211 212 213 214 215 216 217 218 219 220 221 222 223 132 
1 31 224 225 33 226 227 228 229 230 231 232 233 234 235 236 237 238 239 240 241 242 243 244 245 246 247 248 249 250 251 252 253 254 255 49 
1 31 256 257 33 258 259 260 261 262 263 264 265 266 267 268 269 270 271 272 273 274 275 276 277 278 279 47 
1 2 280 281 
1 28 282 283 
1 114 284 285 
1 135 286 287 137 288 289 290 291 292 293 294 295 296 297 298 299 300 301 302 303 304 305 306 307 308 309 147 
310 116 205 117 206 132 204 4 5 24 3 177 178 203 176 311 312 313 33 257 34 258 47 256 137 287 138 288 147 286 314 
310 116 315 4 316 177 317 311 312 313 33 318 137 319 314 
1 111 320 321 
1 31 322 323 
1 28 324 325 
310 116 315 4 316 177 317 311 312 313 33 318 137 319 314 
1 135 326 319 137 327 328 329 330 331 332 333 334 335 336 337 338 145 
1 135 339 340 
1 31 341 318 33 342 343 344 345 346 347 348 349 350 351 352 353 354 355 356 357 358 359 360 361 45 
1 362 363 312 364 365 366 367 368 369 370 371 372 373 374 375 
1 25 376 313 377 378 379 380 381 382 383 384 385 386 387 388 389 390 391 392 393 394 395 396 397 398 
1 56 399 317 177 400 401 402 403 404 405 406 407 408 409 410 411 412 413 201 
1 28 414 415 
1 416 417 418 
1 114 419 315 116 420 421 422 423 424 425 426 427 428 429 430 431 432 433 434 435 436 437 130 
1 56 438 439 177 440 441 442 443 444 445 446 447 448 449 450 451 452 453 454 455 456 457 199 
1 114 458 459 
1 31 460 461 
1 111 462 311 463 464 465 466 467 468 469 470 471 472 473 474 475 476 
1 111 477 478 
1 362 479 480 
1 416 481 482 
1 362 483 484 312 485 486 487 488 489 490 491 492 493 494 495 496 497 498 499 500 501 502 503 504 505 506 507 508 373 
1 114 509 510 116 511 512 513 514 515 516 517 518 519 520 521 522 523 524 525 526 527 528 529 530 531 532 533 534 535 536 537 538 539 540 128 
1 362 541 542 
