1 2 3 4 5 6 7 8 9 10 11 12 13 14 15 16 17 18 19 20 21 22 23 24 
1 25 26 27 
28 29 4 5 24 3 30 31 32 33 34 35 36 
1 37 38 39 
40 41 42 43 44 45 46 47 48 49 50 51 52 53 54 55 56 57 58 59 60 61 62 63 64 65 66 67 
28 29 4 68 30 31 32 33 34 35 36 
28 29 4 68 30 31 32 33 34 35 36 
40 69 70 71 72 73 74 75 76 77 78 79 80 81 82 83 
1 84 85 29 86 87 88 89 90 91 92 93 94 95 96 97 
1 25 98 99 
1 100 101 34 102 103 104 105 106 107 108 109 110 111 112 113 114 115 116 117 
40 41 118 119 
40 120 121 122 123 124 125 126 127 128 129 130 131 132 133 134 135 136 137 138 139 140 
40 141 142 143 144 145 146 147 148 149 150 151 152 153 154 155 156 157 
40 120 158 159 
40 141 160 161 143 162 163 164 165 166 167 168 169 170 171 172 173 155 
1 37 174 175 
1 176 177 178 
1 2 179 180 
40 181 182 183 
