1 2 3 4 5 6 7 8 9 10 11 12 13 14 15 16 17 18 19 20 21 22 23 24 
1 25 26 27 
1 28 29 30 
1 31 32 33 34 35 36 37 38 39 40 41 42 43 44 45 46 47 48 49 50 51 52 53 54 55 
1 56 57 58 
1 31 59 60 33 61 62 63 64 65 66 67 68 69 70 71 72 73 74 75 76 77 78 79 80 81 82 83 84 85 86 87 88 89 90 53 
1 28 91 92 
1 31 93 94 33 95 96 97 98 99 100 101 102 103 104 105 106 107 108 109 110 51 
1 111 112 113 
1 114 115 116 117 118 119 120 121 122 123 124 125 126 127 128 129 130 131 132 133 134 
1 135 136 137 138 139 140 141 142 143 144 145 146 147 148 149 150 151 
1 114 152 153 
1 135 154 155 137 156 157 158 159 160 161 162 163 164 165 166 167 149 
1 135 168 169 
1 111 170 171 
1 2 172 173 
1 25 174 175 
1 56 176 177 178 179 180 181 182 183 184 185 186 187 188 189 190 191 192 193 194 195 196 197 198 199 200 201 202 203 
1 114 204 205 116 206 207 208 209 210 211 212 213 214 215 216 217 218 219 220 221 222 223 132 
1 31 224 225 33 226 227 228 229 230 231 232 233 234 235 236 237 238 239 240 241 242 243 244 245 246 247 248 249 250 251 252 253 254 255 49 
1 31 256 257 33 258 259 260 261 262 263 264 265 266 267 268 269 270 271 272 273 274 275 276 277 278 279 47 
1 2 280 281 
1 28 282 283 
1 114 284 285 
1 135 286 287 137 288 289 290 291 292 293 294 295 296 297 298 299 300 301 302 303 304 305 306 307 308 309 147 
310 116 205 117 206 132 204 4 5 24 3 177 178 203 176 311 312 313 33 257 34 258 47 256 137 287 138 288 147 286 314 
310 116 315 4 316 177 317 311 312 313 33 318 137 319 314 
1 111 320 321 
1 31 322 323 
1 28 324 325 
310 116 315 4 316 177 317 311 312 313 33 318 137 319 314 
1 135 326 319 137 327 328 329 330 331 332 333 334 335 336 337 338 145 
1 135 339 340 
1 31 341 318 33 342 343 344 345 346 347 348 349 350 351 352 353 354 355 356 357 358 359 360 361 45 
1 362 363 312 364 365 366 367 368 369 370 371 372 373 374 375 
1 25 376 313 377 378 379 380 381 382 383 384 385 386 387 388 389 390 391 392 393 394 395 396 397 398 
1 56 399 317 177 400 401 402 403 404 405 406 407 408 409 410 411 412 413 201 
1 28 414 415 
1 416 417 418 
1 114 419 315 116 420 421 422 423 424 425 426 427 428 429 430 431 432 433 434 435 436 437 130 
1 56 438 439 177 440 441 442 443 444 445 446 447 448 449 450 451 452 453 454 455 456 457 199 
1 114 458 459 
1 31 460 461 
1 111 462 311 463 464 465 466 467 468 469 470 471 472 473 474 475 476 
1 111 477 478 
1 362 479 480 
1 416 481 482 
1 362 483 484 312 485 486 487 488 489 490 491 492 493 494 495 496 497 498 499 500 501 502 503 504 505 506 507 508 373 
1 114 509 510 116 511 512 513 514 515 516 517 518 519 520 521 522 523 524 525 526 527 528 529 530 531 532 533 534 535 536 537 538 539 540 128 
1 362 541 542 
1 2 543 544 
310 116 510 117 511 128 509 4 316 177 439 178 440 199 438 311 463 476 462 312 484 364 485 373 483 313 377 398 376 33 318 34 342 45 341 137 319 138 327 145 326 314 
1 25 545 546 
1 56 547 548 
1 31 549 550 33 551 552 553 554 555 556 557 558 559 560 561 562 563 564 565 566 567 568 43 
1 114 569 570 
310 116 571 4 316 177 572 311 573 312 574 313 575 33 550 34 551 43 549 137 576 314 
1 28 577 578 
1 25 579 580 
1 362 581 582 
1 25 583 575 313 584 585 586 587 588 589 590 591 592 593 594 595 396 
1 25 596 597 
1 362 598 599 
1 111 600 573 311 601 602 603 604 605 606 607 608 609 610 611 612 474 
1 135 613 614 
1 111 615 616 311 617 618 619 620 621 622 623 624 625 626 627 628 629 630 631 632 633 634 635 636 637 638 639 640 472 
1 28 641 642 
1 416 643 310 644 645 646 647 648 649 650 651 652 653 654 655 656 657 658 659 
1 114 660 661 
1 135 662 663 
1 28 664 314 665 666 667 668 669 670 671 672 673 674 675 676 677 678 679 680 681 682 683 684 685 686 687 688 689 690 691 692 693 694 695 696 
1 135 697 576 137 698 699 700 701 702 703 704 705 706 707 708 709 710 711 712 713 714 715 9 716 717 718 719 720 721 722 143 
1 25 723 724 
1 31 725 726 33 727 728 729 730 731 732 733 734 735 736 737 738 739 740 41 
1 28 741 742 314 743 744 745 746 747 748 749 750 751 752 753 754 755 756 757 758 759 760 694 
1 31 761 762 33 763 764 765 766 767 768 769 770 771 772 773 774 775 776 777 778 779 780 781 782 783 784 39 
1 2 785 316 4 786 787 788 789 790 791 792 793 794 795 796 797 798 799 800 801 802 803 804 805 806 807 808 809 810 811 812 813 814 815 816 817 22 
1 416 818 819 
1 2 820 821 4 822 823 824 825 826 827 828 829 830 831 832 833 834 835 836 837 838 839 20 
1 25 840 841 
1 114 842 571 116 843 844 845 846 847 848 849 850 851 852 853 854 855 856 857 858 859 860 861 862 863 864 865 866 867 868 869 870 871 872 873 874 126 
1 31 875 876 33 877 878 879 880 881 882 883 884 885 886 887 888 37 
1 25 889 890 
1 114 891 892 
1 111 893 894 
1 31 895 896 
1 416 897 898 
1 416 899 900 310 901 902 903 904 905 906 907 908 909 910 911 912 913 914 915 916 917 918 919 920 921 922 923 924 657 
1 114 925 926 
1 362 927 574 312 928 929 930 931 932 933 934 935 936 937 938 939 940 941 942 943 944 945 946 947 948 949 950 951 952 953 954 955 956 957 958 959 371 
1 114 960 961 116 962 963 964 965 966 967 968 969 970 971 972 973 974 975 976 977 124 
1 111 978 979 
1 28 980 981 
1 135 982 983 137 984 985 986 987 988 989 990 991 992 993 994 995 996 997 998 999 1000 1001 141 
1 362 1002 1003 312 1004 1005 1006 1007 1008 1009 1010 1011 1012 1013 1014 1015 1016 1017 1018 1019 1020 1021 1022 1023 1024 1025 1026 1027 369 
1 56 1028 572 177 1029 1030 1031 1032 1033 1034 1035 1036 1037 1038 1039 1040 1041 1042 1043 1044 1045 1046 1047 1048 1049 1050 1051 1052 1053 1054 1055 1056 197 
1 362 1057 1058 312 1059 1060 1061 1062 1063 1064 1065 1066 1067 1068 1069 1070 1071 1072 367 
1 56 1073 1074 
1 416 1075 1076 
1 416 1077 1078 310 1079 1080 1081 1082 1083 1084 1085 1086 1087 1088 1089 1090 1091 1092 1093 1094 1095 1096 1097 1098 1099 1100 1101 1102 1103 1104 1105 1106 1107 1108 655 
1 2 1109 1110 
1 114 1111 1112 
1 111 1113 1114 
1 111 1115 1116 
310 1078 644 1079 655 1077 116 961 117 962 124 960 4 821 5 822 20 820 177 572 178 1029 197 1028 311 616 463 617 472 615 312 1058 364 1059 367 1057 313 575 377 584 396 583 33 876 34 877 37 875 137 983 138 984 141 982 314 742 665 743 694 741 
1 111 1117 1118 311 1119 1120 1121 1122 1123 1124 1125 1126 1127 1128 1129 1130 1131 1132 1133 1134 1135 1136 1137 1138 1139 1140 1141 1142 1143 1144 470 
310 1145 116 1146 4 1147 177 1148 311 1118 463 1119 470 1117 312 1149 313 1150 33 1151 137 1152 314 1153 
1 31 1154 1155 
1 25 1156 1157 
1 56 1158 1148 177 1159 1160 1161 1162 1163 1164 1165 1166 1167 1168 1169 1170 1171 1172 1173 1174 1175 1176 1177 1178 195 
1 111 1179 1180 311 1181 1182 1183 1184 1185 1186 1187 1188 1189 1190 1191 1192 1193 1194 468 
1 31 1195 1196 
1 111 1197 1198 311 1199 1200 1201 1202 1203 1204 1205 1206 1207 1208 1209 1210 1211 1212 1213 1214 1215 1216 466 
1 25 1217 1218 
1 31 1219 1151 33 1220 1221 1222 1223 1224 1225 1226 1227 1228 1229 1230 1231 1232 
1 416 1233 1145 310 1234 1235 1236 1237 1238 1239 1240 1241 1242 1243 1244 1245 1246 1247 1248 1249 1250 1251 1252 1253 1254 1255 653 
1 2 1256 1147 4 1257 1258 1259 1260 1261 1262 1263 1264 1265 1266 1267 1268 18 
1 135 1269 1152 137 1270 1271 1272 1273 1274 1275 1276 1277 1278 1279 1280 1281 1282 1283 1284 1285 1286 1287 1288 1289 1290 1291 1292 1293 1294 1295 1296 
1 362 1297 1149 312 1298 1299 1300 1301 1302 1303 1304 1305 1306 1307 1308 1309 1310 1311 1312 1313 1314 1315 1316 1317 1318 1319 1133 1320 1321 
1 111 1322 1323 311 1324 1325 1326 1327 1328 1329 1330 1331 1332 1333 1334 1335 1336 1337 1338 1339 1340 1341 1342 1343 1344 1345 1346 
1 25 1347 1348 
1 111 1349 1350 
1 111 1351 1352 311 1353 1354 1355 1356 1357 1358 1359 1360 1361 1362 1363 1364 1365 1366 1367 1368 1369 1370 1371 1372 1373 1374 1375 1376 1377 1378 1379 1380 1381 1382 1383 
1 111 1384 1385 
1 31 1386 1387 33 1388 1389 1390 1391 1392 1393 1394 1395 1396 1397 1398 1399 1400 
1 135 1401 1402 
1 28 1403 1404 
1 114 1405 1146 116 1406 1407 1408 1409 1410 1411 1412 1413 1414 1415 1416 1417 1418 1419 1420 1421 122 
1 135 1422 1423 
1 2 1424 1425 4 1426 1427 1428 1429 1430 1431 1432 1433 1434 1435 1436 1437 1438 1439 1440 1441 1442 1443 1444 1445 1446 1447 1448 1449 1450 1451 1452 1453 1454 1455 1456 1457 16 
1 114 1458 1459 
1 28 1460 1461 
1 111 1462 1463 
1 135 1464 1465 137 1466 1467 1468 1469 1470 1471 1472 1473 1474 1475 1476 1477 1478 1479 1480 1481 1482 1483 1484 1485 1486 1487 1488 1489 1490 1491 1492 1493 1494 
1 114 1495 1496 
1 2 1497 1498 4 1499 1500 1501 1502 1503 1504 1505 1506 1507 1508 1509 1510 1511 1512 1513 1514 1515 1516 14 
1 2 1517 1518 4 1519 1520 1521 1522 1523 1524 1525 1526 1527 1528 1529 1530 1531 1532 1533 1534 1535 1536 1537 1538 1539 1540 1541 1542 1543 1544 1545 1546 1547 1548 1549 1550 12 
1 2 1551 1552 4 1553 1554 1555 1556 1557 1558 1559 1560 1561 1562 1563 1564 1565 1566 1567 1568 1569 1570 1571 1572 1573 1574 1575 1576 1577 1578 1579 1580 10 
1 111 1581 1582 
1 56 1583 1584 177 1585 1586 1587 1588 1589 1590 1591 1592 1593 1594 1595 1596 1597 1598 1599 1600 1601 1602 1603 1604 1605 1606 1607 1608 193 
1 28 1609 1610 
1 2 1611 1612 
1 56 1613 1614 177 1615 1616 1617 1618 1619 1620 1621 1622 1623 1624 1625 1626 1627 1628 1629 1630 1631 1632 1633 1634 1635 1636 1637 1638 1639 1640 1641 1642 1643 1644 191 
1 28 1645 1646 
1 28 1647 1153 314 1648 1649 1650 1651 1652 1653 1654 1655 1656 1657 1658 1659 1660 1661 692 
1 362 1662 1663 
1 56 1664 1665 177 1666 1667 1668 1669 1670 1671 1672 1673 1674 1675 1676 1677 1678 1679 1680 1681 1682 1683 1684 1685 1686 1687 1688 1689 1690 1691 1692 1693 1694 1695 1696 1697 189 
1 2 1698 1699 4 1700 1701 1702 1703 1704 1705 1706 1707 1708 1709 1710 1711 1712 1713 8 
1 56 1714 1715 177 1716 1717 1718 1719 1720 1721 1722 1723 1724 1725 1726 1727 1728 1729 187 
1 114 1730 1731 116 1732 1733 1734 1735 1736 1737 1738 1739 1740 1741 1742 1743 1744 1745 1746 1747 120 
1 135 1748 1749 137 1750 1751 1752 1753 1754 1755 1756 1757 1758 1759 1760 1761 1762 1763 1764 1765 1766 1767 131 1768 1769 1770 1771 1772 1773 1774 1775 1776 1777 1778 1779 1780 1781 
1 111 1782 1783 
1 416 1784 1785 
1 111 1786 1787 311 1788 1789 1790 1791 1792 1793 1794 1795 1796 1797 1798 1799 1800 1801 1802 1803 1804 1805 1806 1807 1808 1809 1810 1811 1812 1813 1814 
1 416 1815 1816 
1 114 1817 1818 116 1819 1820 1821 1822 1823 1824 1825 1826 1827 1828 1829 1830 1831 1832 1833 1834 1835 1836 1837 1838 1839 1840 1841 1842 1843 
310 1145 644 1234 653 1233 116 1818 117 1819 1843 1817 4 1699 5 1700 8 1698 177 1715 178 1716 187 1714 311 1787 463 1788 1814 1786 312 1149 364 1298 1321 1297 313 1150 33 1387 34 1388 1400 1386 137 1749 138 1750 1781 1748 314 1153 665 1648 692 1647 
1 114 1844 1845 116 1846 1847 1848 1849 1850 1851 1852 1853 1854 1855 1856 1857 1858 1859 1860 1861 1862 1863 1864 1865 1866 1867 1868 1869 1870 1871 1872 
1 114 1873 1874 116 1875 1876 1877 1878 1879 1880 1881 1882 1883 1884 1885 1886 1887 1888 1889 1890 1891 1892 1893 1894 1895 1896 1897 1898 1899 1900 1901 1902 1903 1904 1905 1906 1907 
1 28 1908 1909 
310 1910 116 1874 117 1875 1907 1873 4 1911 177 1912 311 1913 312 1914 313 1150 33 1915 137 1916 314 1917 
1 25 1918 1150 313 1919 1920 1921 1922 1923 1924 1925 1926 1927 1928 1929 1930 1931 1932 1933 1934 394 
1 25 1935 1936 313 1937 1938 1939 1940 1941 1942 1943 1944 1945 1946 1947 1948 1949 1950 392 
1 135 1951 1952 
1 135 1953 1954 
1 111 1955 1913 311 1956 1957 1958 1959 1960 1961 1962 1963 1964 1965 1966 1967 1968 1969 1970 1971 1972 1973 1974 1975 1976 1977 1978 1979 1980 1981 1982 1983 1984 
1 28 1985 1917 314 1986 1987 1988 1989 1990 1991 1992 1993 1994 1995 1996 1997 1998 1999 2000 2001 2002 2003 2004 2005 2006 2007 690 
1 111 2008 2009 
1 25 2010 2011 
1 135 2012 1916 137 2013 2014 2015 2016 2017 2018 2019 2020 2021 2022 2023 2024 2025 2026 2027 2028 2029 2030 2031 2032 2033 2034 2035 2036 2037 2038 2039 2040 2041 
1 135 2042 2043 
1 56 2044 1912 177 2045 2046 2047 2048 2049 2050 2051 2052 2053 2054 2055 2056 185 
1 56 2057 2058 177 2059 2060 2061 2062 2063 2064 2065 2066 2067 2068 2069 2070 2071 2072 2073 2074 2075 2076 2077 2078 183 
1 28 2079 2080 314 2081 2082 1591 2083 2084 2085 2086 2087 2088 2089 2090 2091 2092 2093 2094 2095 2096 2097 2098 2099 2100 2101 2102 2103 2104 2105 2106 2107 2108 2109 2110 2111 688 
1 416 2112 2113 
1 114 2114 2115 
1 135 2116 2117 
1 416 2118 1910 310 2119 2120 2121 2122 2123 2124 2125 2126 2127 2128 2129 2130 651 
1 362 2131 1914 312 2132 2133 2134 2135 2136 2137 2138 2139 2140 2141 2142 2143 2144 2145 2146 2147 2148 
1 31 2149 2150 
1 416 2151 2152 
1 416 2153 2154 310 2155 2156 2157 2158 2159 2160 2161 2162 2163 2164 2165 2166 2167 2168 2169 2170 2171 2172 2173 2174 649 
1 31 2175 2176 
1 416 2177 2178 
1 28 2179 2180 
1 56 2181 2182 177 2183 2184 2185 2186 2187 2188 2189 2190 2191 2192 2193 2194 2195 2196 2197 2198 2199 2200 2201 2202 181 
1 31 2203 2204 
1 416 2205 2206 
1 31 2207 2208 
1 114 2209 2210 116 2211 2212 2213 2214 2215 2216 2217 2218 2219 2220 2221 2222 2223 2224 2225 
1 56 2226 2227 177 2228 2229 2230 2231 2232 2233 2234 2235 2236 2237 2238 2239 2240 2241 2242 2243 2244 2245 2246 2247 2248 2249 2250 2251 2252 2253 2254 2255 2256 2257 2258 2259 2260 
1 114 2261 2262 
310 2154 644 2155 649 2153 116 2210 117 2211 2225 2209 4 1911 177 2227 178 2228 2260 2226 311 1913 463 1956 1984 1955 312 1914 364 2132 2148 2131 313 1936 377 1937 392 1935 33 1915 137 1916 138 2013 2041 2012 314 2080 665 2081 688 2079 
1 28 2263 2264 
1 56 2265 2266 177 2267 2268 2269 2270 2271 2272 2273 2274 2275 2276 2277 2278 2279 2280 2281 2282 2283 2284 2285 
1 28 2286 2287 314 2288 2289 2290 2291 2292 2293 2294 2295 2296 2297 2298 2299 2300 2301 2302 2303 2304 2305 2306 2307 2308 2309 2310 2311 2312 2313 2314 2315 2316 2317 686 
1 25 2318 2319 313 2320 2321 2322 2323 2324 2325 2326 2327 2328 2329 2330 2331 2332 2333 2334 2335 2336 2337 2338 2339 2340 2341 2342 2343 2344 2345 2346 2347 390 
1 416 2348 2349 
310 2350 116 2351 4 1911 177 2266 178 2267 2285 2265 311 2352 312 2353 313 2319 377 2320 390 2318 33 1915 137 2354 314 2287 665 2288 686 2286 
1 28 2355 2356 
