1 2 3 4 5 6 7 8 9 10 11 12 13 14 15 16 17 18 19 20 21 22 23 24 
1 25 26 27 
28 29 4 5 24 3 30 31 32 33 34 35 36 
1 37 38 39 
40 41 42 43 44 45 46 47 48 49 50 51 52 53 54 55 56 57 58 59 60 61 62 63 64 65 66 67 
28 29 4 68 30 31 32 33 34 35 36 
28 29 4 68 30 31 32 33 34 35 36 
40 69 70 71 72 73 74 75 76 77 78 79 80 81 82 83 
1 84 85 29 86 87 88 89 90 91 92 93 94 95 96 97 
1 25 98 99 
1 100 101 34 102 103 104 105 106 107 108 109 110 111 112 113 114 115 116 117 
40 41 118 119 
40 120 121 122 123 124 125 126 127 128 129 130 131 132 133 134 135 136 137 138 139 140 
40 141 142 143 144 145 146 147 148 149 150 151 152 153 154 155 156 157 
40 120 158 159 
40 141 160 161 143 162 163 164 165 166 167 168 169 170 171 172 173 155 
1 37 174 175 
1 176 177 178 
1 2 179 180 
40 181 182 183 
40 69 184 185 71 186 187 188 189 190 191 192 193 194 195 196 197 198 199 200 201 202 203 204 205 206 207 208 209 210 211 81 
40 120 212 213 122 214 215 216 217 218 219 220 221 222 223 224 225 226 227 228 229 230 231 138 
1 100 232 233 34 234 235 236 237 238 239 240 241 242 243 244 245 246 247 248 249 250 251 252 253 254 255 256 257 258 259 260 261 262 263 115 
40 264 265 266 267 268 269 270 271 272 273 274 275 276 277 278 279 280 281 282 283 284 285 286 287 288 
40 289 290 291 
1 25 292 293 
40 120 294 295 
1 37 296 35 297 298 299 300 301 302 303 304 305 306 307 308 309 310 311 312 313 314 315 316 317 318 
28 29 86 97 85 4 68 30 31 32 33 34 233 102 234 115 232 35 297 318 296 36 
319 122 213 123 214 138 212 320 71 185 72 186 81 184 43 44 67 42 321 322 266 267 288 265 143 161 144 162 155 160 323 
40 41 324 325 
1 100 326 327 
40 328 329 330 
28 29 331 4 68 30 31 32 33 34 332 35 333 36 
40 141 334 335 143 336 337 338 339 340 341 342 343 344 345 346 347 153 
1 37 348 349 
1 100 350 332 34 351 352 353 354 355 356 357 358 359 360 361 362 363 364 365 366 367 368 369 370 113 
40 371 372 321 373 374 375 376 377 378 379 380 381 382 383 384 
40 181 385 322 386 387 388 389 390 391 392 393 394 395 396 397 398 399 400 401 402 403 404 405 406 407 
1 408 409 30 410 411 412 413 414 415 416 417 418 419 420 421 422 423 
40 328 424 425 
1 408 426 427 
1 25 428 36 429 430 431 432 433 434 435 436 437 438 439 440 441 442 443 444 445 446 447 448 449 450 451 452 453 454 
40 264 455 456 
28 29 331 4 68 30 410 423 409 31 32 33 34 332 102 351 113 350 35 333 36 429 454 428 
1 100 457 458 34 459 460 461 462 463 464 465 466 467 468 469 470 471 472 473 474 475 476 477 478 111 
40 141 479 480 143 481 482 483 484 485 486 487 488 489 490 491 492 493 494 495 496 497 498 499 500 501 502 503 504 505 506 507 508 509 510 151 
1 100 511 512 
1 2 513 68 4 514 515 516 517 518 519 520 521 522 523 524 525 526 527 22 
40 328 528 529 
