1 2 3 4 5 6 7 8 9 10 11 12 13 14 15 16 17 18 19 20 21 22 23 24 
1 25 26 27 
1 28 29 30 
1 31 32 33 34 35 36 37 38 39 40 41 42 43 44 45 46 47 48 49 50 51 52 53 54 55 
1 56 57 58 
1 31 59 60 33 61 62 63 64 65 66 67 68 69 70 71 72 73 74 75 76 77 78 79 80 81 82 83 84 85 86 87 88 89 90 53 
1 28 91 92 
1 31 93 94 33 95 96 97 98 99 100 101 102 103 104 105 106 107 108 109 110 51 
1 111 112 113 
1 114 115 116 117 118 119 120 121 122 123 124 125 126 127 128 129 130 131 132 133 134 
1 135 136 137 138 139 140 141 142 143 144 145 146 147 148 149 150 151 
1 114 152 153 
1 135 154 155 137 156 157 158 159 160 161 162 163 164 165 166 167 149 
1 135 168 169 
1 111 170 171 
1 2 172 173 
1 25 174 175 
1 56 176 177 178 179 180 181 182 183 184 185 186 187 188 189 190 191 192 193 194 195 196 197 198 199 200 201 202 203 
1 114 204 205 116 206 207 208 209 210 211 212 213 214 215 216 217 218 219 220 221 222 223 132 
1 31 224 225 33 226 227 228 229 230 231 232 233 234 235 236 237 238 239 240 241 242 243 244 245 246 247 248 249 250 251 252 253 254 255 49 
1 31 256 257 33 258 259 260 261 262 263 264 265 266 267 268 269 270 271 272 273 274 275 276 277 278 279 47 
1 2 280 281 
1 28 282 283 
1 114 284 285 
1 135 286 287 137 288 289 290 291 292 293 294 295 296 297 298 299 300 301 302 303 304 305 306 307 308 309 147 
310 116 205 117 206 132 204 4 5 24 3 177 178 203 176 311 312 313 33 257 34 258 47 256 137 287 138 288 147 286 314 
310 116 315 4 316 177 317 311 312 313 33 318 137 319 314 
1 111 320 321 
1 31 322 323 
1 28 324 325 
310 116 315 4 316 177 317 311 312 313 33 318 137 319 314 
1 135 326 319 137 327 328 329 330 331 332 333 334 335 336 337 338 145 
1 135 339 340 
1 31 341 318 33 342 343 344 345 346 347 348 349 350 351 352 353 354 355 356 357 358 359 360 361 45 
1 362 363 312 364 365 366 367 368 369 370 371 372 373 374 375 
1 25 376 313 377 378 379 380 381 382 383 384 385 386 387 388 389 390 391 392 393 394 395 396 397 398 
1 56 399 317 177 400 401 402 403 404 405 406 407 408 409 410 411 412 413 201 
1 28 414 415 
1 416 417 418 
1 114 419 315 116 420 421 422 423 424 425 426 427 428 429 430 431 432 433 434 435 436 437 130 
1 56 438 439 177 440 441 442 443 444 445 446 447 448 449 450 451 452 453 454 455 456 457 199 
1 114 458 459 
1 31 460 461 
1 111 462 311 463 464 465 466 467 468 469 470 471 472 473 474 475 476 
1 111 477 478 
1 362 479 480 
1 416 481 482 
1 362 483 484 312 485 486 487 488 489 490 491 492 493 494 495 496 497 498 499 500 501 502 503 504 505 506 507 508 373 
1 114 509 510 116 511 512 513 514 515 516 517 518 519 520 521 522 523 524 525 526 527 528 529 530 531 532 533 534 535 536 537 538 539 540 128 
1 362 541 542 
1 2 543 544 
310 116 510 117 511 128 509 4 316 177 439 178 440 199 438 311 463 476 462 312 484 364 485 373 483 313 377 398 376 33 318 34 342 45 341 137 319 138 327 145 326 314 
1 25 545 546 
1 56 547 548 
1 31 549 550 33 551 552 553 554 555 556 557 558 559 560 561 562 563 564 565 566 567 568 43 
1 114 569 570 
310 116 571 4 316 177 572 311 573 312 574 313 575 33 550 34 551 43 549 137 576 314 
1 28 577 578 
1 25 579 580 
1 362 581 582 
1 25 583 575 313 584 585 586 587 588 589 590 591 592 593 594 595 396 
1 25 596 597 
1 362 598 599 
1 111 600 573 311 601 602 603 604 605 606 607 608 609 610 611 612 474 
1 135 613 614 
1 111 615 616 311 617 618 619 620 621 622 623 624 625 626 627 628 629 630 631 632 633 634 635 636 637 638 639 640 472 
1 28 641 642 
1 416 643 310 644 645 646 647 648 649 650 651 652 653 654 655 656 657 658 659 
1 114 660 661 
1 135 662 663 
1 28 664 314 665 666 667 668 669 670 671 672 673 674 675 676 677 678 679 680 681 682 683 684 685 686 687 688 689 690 691 692 693 694 695 696 
1 135 697 576 137 698 699 700 701 702 703 704 705 706 707 708 709 710 711 712 713 714 715 9 716 717 718 719 720 721 722 143 
1 25 723 724 
1 31 725 726 33 727 728 729 730 731 732 733 734 735 736 737 738 739 740 41 
1 28 741 742 314 743 744 745 746 747 748 749 750 751 752 753 754 755 756 757 758 759 760 694 
1 31 761 762 33 763 764 765 766 767 768 769 770 771 772 773 774 775 776 777 778 779 780 781 782 783 784 39 
1 2 785 316 4 786 787 788 789 790 791 792 793 794 795 796 797 798 799 800 801 802 803 804 805 806 807 808 809 810 811 812 813 814 815 816 817 22 
1 416 818 819 
1 2 820 821 4 822 823 824 825 826 827 828 829 830 831 832 833 834 835 836 837 838 839 20 
1 25 840 841 
1 114 842 571 116 843 844 845 846 847 848 849 850 851 852 853 854 855 856 857 858 859 860 861 862 863 864 865 866 867 868 869 870 871 872 873 874 126 
1 31 875 876 33 877 878 879 880 881 882 883 884 885 886 887 888 37 
1 25 889 890 
1 114 891 892 
1 111 893 894 
1 31 895 896 
1 416 897 898 
1 416 899 900 310 901 902 903 904 905 906 907 908 909 910 911 912 913 914 915 916 917 918 919 920 921 922 923 924 657 
1 114 925 926 
1 362 927 574 312 928 929 930 931 932 933 934 935 936 937 938 939 940 941 942 943 944 945 946 947 948 949 950 951 952 953 954 955 956 957 958 959 371 
1 114 960 961 116 962 963 964 965 966 967 968 969 970 971 972 973 974 975 976 977 124 
1 111 978 979 
1 28 980 981 
1 135 982 983 137 984 985 986 987 988 989 990 991 992 993 994 995 996 997 998 999 1000 1001 141 
1 362 1002 1003 312 1004 1005 1006 1007 1008 1009 1010 1011 1012 1013 1014 1015 1016 1017 1018 1019 1020 1021 1022 1023 1024 1025 1026 1027 369 
1 56 1028 572 177 1029 1030 1031 1032 1033 1034 1035 1036 1037 1038 1039 1040 1041 1042 1043 1044 1045 1046 1047 1048 1049 1050 1051 1052 1053 1054 1055 1056 197 
1 362 1057 1058 312 1059 1060 1061 1062 1063 1064 1065 1066 1067 1068 1069 1070 1071 1072 367 
1 56 1073 1074 
1 416 1075 1076 
1 416 1077 1078 310 1079 1080 1081 1082 1083 1084 1085 1086 1087 1088 1089 1090 1091 1092 1093 1094 1095 1096 1097 1098 1099 1100 1101 1102 1103 1104 1105 1106 1107 1108 655 
