0
4
6
6
69
50
54
54
41
47
48
47
45
41
41
42
41
46
41
41
48
44
47
42
41
41
41
43
43
46
46
42
49
43
44
43
44
43
47
44
43
44
43
43
48
48
41
43
46
46
46
46
46
46
46
43
43
43
43
43
43
43
41
43
43
42
44
46
46
44
46
48
48
46
46
42
44
44
46
43
46
44
44
46
41
44
44
44
41
44
44
43
44
44
49
42
44
43
44
41
48
41
44
42
42
44
44
44
42
42
42
42
47
48
48
48
48
49
48
48
41
48
47
47
48
48
42
45
48
47
41
42
48
47
46
48
42
48
45
43
48
47
48
43
46
44
43
48
42
48
41
46
46
43
42
42
42
44
48
45
45
42
43
47
42
45
49
49
42
49
45
47
43
45
44
47
47
48
41
42
49
48
48
49
48
49
48
49
48
43
48
46
46
48
49
49
49
42
45
46
46
44
47
47
47
47
47
46
46
45
48
49
49
47
45
49
45
44
49
45
44
47
45
49
44
49
45
42
49
47
46
45
46
49
45
49
49
49
49
44
44
45
45
46
49
45
43
44
49
46
46
42
45
49
45
45
47
45
43
49
48
47
48
49
45
45
45
49
47
47
44
45
49
42
47
42
42
45
45
45
41
42
42
41
48
43
49
48
42
41
41
42
43
49
47
41
42
43
43
47
45
42
44
47
45
43
46
49
47
47
46
45
44
43
45
43
45
46
43
45
42
42
47
46
47
43
47
47
45
45
49
49
49
48
47
46
47
44
42
42
44
47
46
49
41
6
6
6
29
29
29
28
28
28
28
28
28
28
28
28
64
62
62
64
64
62
62
64
62
62
64
62
62
64
69
63
63
63
63
63
62
62
62
62
63
63
63
63
62
63
63
63
63
63
63
64
64
63
64
64
64
64
63
64
64
62
62
62
64
64
64
62
64
64
64
64
64
64
63
63
63
63
63
64
64
64
62
62
62
62
63
63
62
62
62
63
63
64
63
62
63
63
63
63
63
64
64
64
62
62
64
64
62
62
63
62
62
62
62
62
64
64
64
63
62
63
62
62
64
63
63
64
64
64
63
63
62
62
39
39
39
39
39
39
39
39
39
39
39
39
39
39
39
39
39
39
39
68
68
68
3
3
3
3
3
3
3
3
3
3
3
3
3
3
3
3
3
3
3
3
3
3
3
3
3
3
3
3
3
3
3
3
3
3
3
3
3
3
3
68
68
68
68
68
68
68
68
68
68
68
68
68
68
68
68
68
68
68
68
68
68
68
68
39
39
39
39
39
39
39
39
39
39
39
66
66
65
65
65
65
66
65
65
67
66
66
66
66
67
66
66
66
66
66
65
67
66
65
66
65
66
66
66
65
66
66
65
66
66
65
65
66
66
66
66
66
66
66
65
66
67
67
67
67
65
67
67
67
67
67
65
65
65
65
66
67
67
66
65
66
65
66
67
67
67
66
67
67
67
67
67
67
67
67
67
67
67
67
67
65
67
67
67
67
67
66
66
66
66
67
67
65
65
65
65
65
67
67
65
66
65
0
5
5
0
0
9
11
11
11
11
11
11
11
11
11
11
11
11
11
11
11
11
11
11
11
11
11
6
6
7
7
8
8
8
8
7
7
7
6
8
7
7
7
7
7
7
7
6
8
7
7
7
7
7
7
8
8
8
6
6
85
86
86
86
86
86
86
86
86
86
86
86
86
86
86
86
86
86
86
86
86
86
86
86
86
16
16
16
84
84
84
16
16
16
16
16
16
16
16
16
16
16
16
16
16
16
16
16
16
16
16
16
16
16
16
16
16
16
16
16
16
16
16
16
13
5
5
6
1
1
1
0
1
1
1
1
1
1
1
1
1
1
1
1
1
1
1
1
1
1
1
1
1
1
1
1
1
1
1
1
1
8
8
8
8
8
8
8
8
8
8
8
8
8
8
8
8
8
8
8
8
8
8
8
8
8
8
8
8
8
8
54
54
12
12
12
12
12
12
12
12
12
12
12
12
12
12
12
41
41
41
40
40
40
40
41
41
41
40
40
41
41
40
41
41
40
40
40
41
4
4
20
18
24
20
13
13
13
13
24
13
13
13
23
18
18
18
18
18
18
18
18
18
22
18
13
18
13
23
18
18
14
19
14
13
19
19
19
19
18
19
18
18
19
18
23
21
18
18
21
19
19
21
21
19
13
19
19
17
18
13
19
19
19
21
19
19
22
19
21
21
21
13
21
21
21
21
21
21
21
21
19
21
21
23
24
23
23
21
23
23
21
21
20
21
13
19
18
14
13
13
13
18
23
14
20
20
14
14
20
20
20
23
23
18
19
14
22
14
22
22
23
23
23
14
22
23
13
14
14
23
22
14
14
22
22
22
19
13
14
14
18
22
21
20
21
22
20
19
22
14
13
14
20
20
18
21
18
23
19
23
20
18
13
22
23
18
22
22
21
24
22
22
22
22
21
20
19
24
19
20
23
13
24
19
19
24
19
22
23
14
24
13
22
24
20
18
18
19
21
14
20
24
19
20
13
22
21
22
22
21
21
23
21
21
20
13
13
18
14
24
14
18
13
23
19
20
24
22
24
24
18
20
24
20
24
22
20
22
20
20
20
24
24
23
13
24
24
21
22
23
23
14
23
23
14
23
23
24
23
14
23
22
20
20
24
14
13
13
20
20
21
14
20
22
20
22
22
19
14
14
19
14
23
20
21
20
20
22
24
24
24
14
19
20
24
22
24
24
13
22
22
23
24
23
21
19
14
23
24
13
13
14
24
24
14
19
24
18
22
14
18
20
21
24
24
13
24
13
13
14
23
21
19
20
20
18
18
18
14
14
23
14
13
24
14
24
23
22
24
13
6
6
6
6
6
6
6
6
6
6
6
6
6
6
6
6
6
85
85
85
85
85
85
85
85
85
85
85
85
85
85
85
85
85
85
85
85
85
85
85
85
85
85
85
85
85
85
87
76
83
77
76
82
79
81
81
81
76
78
81
81
75
78
75
83
75
75
75
81
81
83
77
77
77
76
78
81
75
75
75
78
81
86
75
83
82
82
82
83
79
81
82
83
75
79
86
80
78
82
81
77
86
77
77
78
78
86
79
79
82
86
79
81
78
77
77
76
77
79
76
79
78
78
78
79
77
79
78
81
82
78
79
76
83
81
77
78
79
76
82
81
76
77
83
76
81
77
83
83
83
83
79
76
79
76
82
76
75
75
75
75
79
79
82
79
79
80
86
79
83
76
94
76
81
79
83
77
81
75
75
82
75
76
81
81
77
77
75
78
79
76
76
79
75
81
79
75
78
86
78
76
82
78
75
77
75
80
75
80
82
76
81
82
80
78
76
78
81
78
80
80
79
81
80
83
79
83
83
80
79
80
83
78
76
76
75
80
82
77
80
80
80
77
83
77
82
83
83
80
75
83
76
80
81
77
77
76
83
82
83
81
75
82
83
83
75
83
81
82
82
82
82
83
78
75
76
75
77
79
78
78
75
79
76
75
79
75
76
81
76
76
82
81
80
83
77
80
82
77
80
80
77
83
76
75
83
83
83
78
77
77
78
80
78
78
80
76
77
81
77
75
81
78
82
83
77
82
78
80
81
77
83
80
78
77
82
81
82
86
77
77
80
80
86
77
80
82
82
76
80
80
75
82
81
79
79
80
83
75
83
82
76
76
78
78
80
80
86
83
79
81
79
79
79
81
86
78
79
82
80
78
79
75
76
78
76
80
82
80
81
80
80
83
79
76
77
82
80
79
86
82
78
78
82
86
82
81
86
81
76
75
77
75
80
89
87
93
87
98
93
99
93
93
93
93
93
93
93
93
93
89
96
93
97
93
95
93
98
99
88
88
93
93
89
97
96
96
88
88
89
96
96
96
96
93
52
96
96
99
96
52
93
87
94
96
94
93
94
94
94
94
94
94
94
96
96
87
94
94
88
94
96
96
88
88
96
96
93
94
99
99
93
93
94
98
98
98
88
88
98
98
98
96
94
94
87
93
96
96
99
98
96
96
97
94
98
88
88
96
97
88
93
97
96
97
98
97
97
96
98
97
98
98
98
94
88
88
97
98
98
94
98
93
98
88
98
96
97
97
97
97
98
98
88
89
98
98
98
94
94
98
88
88
98
96
96
99
87
95
88
88
99
88
87
99
99
99
99
89
88
98
89
94
96
88
99
95
95
89
99
99
95
88
89
95
93
95
95
95
99
98
99
98
98
94
95
95
95
94
89
89
96
97
97
93
95
98
88
89
96
87
95
97
89
97
95
96
97
87
89
89
89
89
89
87
89
89
87
87
89
93
89
89
97
97
97
98
99
99
94
94
97
99
94
89
89
89
89
89
88
95
97
94
89
88
97
96
87
95
95
89
88
97
95
97
96
99
88
99
96
88
87
95
98
99
98
52
89
95
95
99
52
99
94
95
99
95
95
97
97
97
94
94
96
99
99
99
89
97
97
99
89
99
99
94
94
95
95
95
99
97
95
95
95
95
95
94
95
97
97
97
95
93
89
88
98
95
98
95
98
99
95
88
88
88
96
88
89
96
94
94
98
99
95
89
97
99
99
94
94
93
96
97
88
99
97
88
93
93
93
89
89
93
93
88
87
88
89
93
99
93
93
93
69
69
69
15
52
52
11
10
10
11
10
11
10
10
11
10
10
10
10
10
10
10
10
10
10
10
10
10
10
11
10
10
10
10
10
10
10
10
10
10
10
11
10
10
10
10
10
10
10
10
10
11
70
70
70
70
70
70
70
70
70
70
70
70
70
70
70
70
70
70
70
70
70
70
70
70
70
70
70
28
28
68
68
70
68
68
68
68
70
70
70
68
68
70
70
70
68
70
70
70
70
70
84
84
40
40
40
40
40
40
40
40
40
40
40
40
40
40
40
40
40
40
40
40
40
40
40
41
40
40
40
37
37
37
37
37
37
37
5
5
5
5
5
5
5
5
5
5
5
5
5
5
5
5
5
5
5
5
5
28
28
28
28
28
28
28
28
11
11
11
9
9
9
9
9
9
9
9
9
9
9
9
9
9
9
9
9
9
9
9
9
9
9
9
9
9
9
9
9
9
9
9
9
9
9
9
6
6
58
61
51
60
51
51
51
56
56
59
56
59
57
56
56
59
51
51
51
60
60
51
59
56
59
59
59
59
59
51
59
59
59
56
57
51
59
57
56
61
60
60
59
59
51
56
57
57
59
57
60
57
57
60
56
51
60
51
57
57
51
51
52
57
52
57
57
57
60
60
52
60
51
58
52
52
60
60
60
60
60
59
60
60
56
57
57
60
57
57
60
57
57
57
57
57
57
57
57
52
59
52
57
56
56
59
59
56
51
58
58
57
57
52
60
56
59
56
51
61
61
57
56
58
56
56
52
61
58
59
59
52
56
56
56
52
56
60
56
56
56
56
52
52
61
61
52
61
52
58
59
59
51
52
59
59
61
59
61
59
52
51
52
52
61
61
61
61
56
56
61
58
60
58
58
58
57
58
60
60
58
58
58
58
58
60
51
59
60
58
58
58
56
56
61
56
56
56
56
56
61
61
60
56
61
58
61
61
58
58
58
58
60
57
60
59
58
59
58
58
52
51
58
59
59
61
60
61
51
59
59
51
60
51
52
61
58
61
61
61
60
57
51
61
51
52
57
58
58
61
61
57
57
58
57
52
58
61
58
51
51
51
51
52
51
52
51
52
52
51
60
58
58
61
60
51
52
60
60
61
61
61
52
58
61
61
51
61
51
58
51
57
51
61
59
59
60
52
60
57
56
59
56
87
91
91
91
91
91
91
91
91
91
91
87
91
91
91
91
91
91
91
91
91
91
91
91
91
91
91
91
91
91
91
91
91
91
91
91
91
91
91
91
87
91
12
17
12
12
12
12
12
12
17
12
12
12
17
17
12
12
17
17
17
12
12
12
12
12
12
12
17
12
12
12
17
17
17
12
17
54
55
54
55
55
55
55
55
55
55
55
55
55
55
55
55
55
55
55
55
55
54
55
55
55
55
55
54
55
55
55
55
55
55
55
55
55
55
55
54
55
55
54
55
55
15
15
15
15
15
15
15
15
15
15
15
15
15
15
15
15
15
15
15
15
15
15
16
15
15
15
15
15
15
15
15
15
15
71
74
71
73
73
73
73
73
71
71
71
72
71
71
73
73
74
73
71
74
74
71
71
71
71
71
71
71
71
71
71
74
73
73
74
74
74
74
74
74
74
74
74
74
74
71
74
74
74
74
71
71
71
71
71
73
73
71
73
72
72
72
71
74
72
72
74
74
72
72
72
71
72
72
74
74
74
74
74
74
74
72
74
72
74
73
71
72
71
72
71
72
74
74
72
72
71
71
71
72
72
72
72
72
74
72
73
71
71
72
72
72
72
73
72
71
69
71
72
69
72
72
74
74
74
73
72
71
73
72
72
71
72
72
72
74
72
85
85
6
6
9
9
11
11
39
38
38
39
38
38
38
38
38
38
38
38
38
38
39
38
38
38
38
39
38
38
38
38
38
38
39
38
38
38
38
38
38
38
38
38
38
38
38
39
38
38
38
38
38
0
0
0
0
0
0
0
0
0
0
0
0
0
0
0
0
0
0
0
0
0
0
0
0
0
0
0
0
0
0
0
0
0
0
6
6
87
87
87
87
87
87
87
87
87
87
87
87
87
87
87
85
85
15
15
4
4
4
4
4
4
4
4
4
4
4
4
4
4
4
4
4
4
4
4
4
4
4
4
4
4
4
84
84
84
84
84
84
84
84
84
84
84
84
84
84
84
84
84
84
84
84
84
84
84
84
84
84
84
84
84
84
84
84
65
65
65
65
39
39
15
15
28
28
28
28
28
28
28
28
28
28
28
28
28
28
28
28
28
28
16
16
11
11
69
69
73
73
68
73
73
73
73
73
68
73
73
73
73
68
73
73
73
73
73
73
73
73
73
73
6
6
50
50
50
50
50
50
50
50
50
50
50
50
50
50
50
50
50
50
50
50
50
50
50
50
50
50
50
50
50
50
50
50
50
50
50
50
50
50
87
90
90
90
90
87
90
90
90
90
90
90
90
90
90
90
90
90
90
90
90
90
90
90
90
90
90
90
87
90
90
90
90
90
90
90
65
37
37
37
37
37
37
65
65
37
37
37
37
37
37
37
65
37
69
69
69
69
69
69
69
69
69
69
69
69
69
69
69
69
69
69
69
69
69
69
69
69
69
69
69
69
69
69
1
1
54
54
54
54
54
54
54
54
54
54
54
54
54
54
54
54
54
54
54
54
54
54
54
54
54
54
54
37
37
37
37
37
37
5
5
5
5
4
5
5
5
4
5
5
5
4
5
4
5
4
4
5
5
4
53
53
53
53
53
53
53
53
53
53
53
53
53
53
53
53
53
53
53
53
53
17
17
17
17
17
17
17
17
17
17
17
17
17
17
17
17
17
17
17
17
17
17
17
17
85
85
29
29
29
30
29
30
30
30
29
30
30
30
30
30
30
30
30
30
30
30
30
30
30
30
30
30
30
30
30
30
30
30
30
30
30
30
30
30
30
30
30
30
30
30
29
53
53
53
53
53
53
53
53
53
53
53
53
53
53
53
53
53
53
36
29
25
25
25
25
25
25
25
34
25
25
34
34
34
34
34
25
25
31
25
25
31
31
25
27
34
31
32
34
35
25
31
35
35
35
35
35
35
31
33
31
31
36
26
33
35
33
29
26
35
34
34
25
36
32
26
31
35
35
35
25
35
34
35
35
35
26
35
26
25
26
26
26
35
35
35
35
26
26
29
25
34
26
26
26
27
29
26
26
34
27
26
34
34
34
26
26
33
29
27
27
27
35
34
34
26
34
27
34
34
27
31
26
34
34
29
33
31
34
33
31
25
35
25
26
31
34
35
27
27
33
27
27
27
27
31
29
29
36
29
31
35
35
36
27
31
25
31
27
33
36
33
36
36
26
29
29
36
36
36
33
35
34
32
34
33
27
34
33
29
32
31
31
29
32
26
27
26
27
27
26
31
31
33
36
36
32
31
33
31
34
32
32
34
32
29
32
32
29
33
27
32
26
33
36
36
26
25
29
32
33
26
27
35
35
35
36
36
33
25
33
35
33
31
31
35
36
26
34
32
36
36
32
32
27
27
32
32
32
32
31
36
27
26
26
36
29
29
29
31
33
25
36
32
32
29
32
27
33
25
25
32
32
31
27
31
31
31
27
26
26
27
32
36
36
36
27
27
31
36
27
25
32
25
33
33
31
35
36
36
33
36
32
26
27
27
35
33
29
33
36
33
26
26
26
36
29
29
33
33
33
31
34
36
25
35
25
33
36
34
33
33
32
31
27
35
27
27
35
32
33
33
33
34
32
33
25
32
32
36
25
34
29
25
27
27
36
34
29
32
36
34
31
29
31
34
31
29
36
25
32
25
26
26
25
29
25
36
25
35
35
34
29
32
32
32
33
31
32
15
15
92
92
92
92
92
92
92
92
92
92
92
92
92
92
92
92
92
92
92
92
92
92
92
92
92
92
92
92
92
92
92
92
92
92
92
92
92
92
92
37
37
37
37
37
37
37
37
37
37
90
2
90
90
2
90
1
1
90
2
2
2
2
90
1
2
2
2
2
2
2
2
2
2
2
2
2
2
2
2
2
2
2
2
2
2
2
2
2
2
2
2
2
2
2
2
2
2
11
11
85
85
7
7
7
7
7
7
7
7
7
7
7
7
7
7
7
7
7
7
7
7
7
