50 72 011
327735 21 151552 41 50 11 151607 31 151552
245815 32 163840 22 144384 42 50 12 163895
290871 33 141312 23 167424 43 50 13 141367
352311 34 147456 24 145408 44 50 14 147511
335927 35 139264 25 142336 45 50 15 139319
249911 16 151607 36 151552 26 160256 46 50
294967 17 155703 37 155648 27 149504 47 50
352311 48 50 18 145463 38 145408 28 150528
221239 49 50 19 147511 39 147456 29 155136
286775 50 50 20 155703 40 155648 30 155648
3033088 1 151607 21 2553856 41 2785280 31 2465792
2934784 32 2275328 2 163895 22 2541568 42 2611200
3651584 33 2482176 3 141367 23 2469376 43 2650112
3098624 34 2445312 4 147511 24 2624512 44 2772992
3663872 35 2398208 5 139319 25 2525184 45 2836480
3110912 36 2527232 6 151607 26 2538496 46 2596864
3647488 37 2344960 7 155703 27 2504192 47 2672640
3115008 48 2945024 38 2582528 8 145463 28 2498560
4352000 49 3538944 39 2441216 9 147511 29 2558464
3041280 50 2686976 40 2347008 10 155703 30 2581504
0 1 151552 11 2553856
0 32 99840 2 144384 42 99840 12 2541568
0 3 167424 13 2469376
0 4 145408 14 2624512
0 5 142336 15 2525184
0 16 2538496 6 160256
0 17 2504192 7 149504
20480 18 2498560 8 150528
0 19 2558464 9 155136
0 20 2581504 10 155648
0 1 151552 11 2465792
360448 2 163840 22 99840 12 2275328
0 3 141312 13 2482176
0 4 147456 14 2445312
0 5 139264 15 2398208
0 16 2527232 6 151552
0 17 2344960 7 155648
0 18 2582528 8 145408
0 19 2441216 9 147456
0 20 2347008 10 155648
0 1 50 11 2785280
360448 2 50 22 99840 12 2611200
0 3 50 13 2650112
0 4 50 14 2772992
0 5 50 15 2836480
0 16 2596864 6 50
0 17 2672640 7 50
0 18 2945024 8 50
0 19 3538944 9 50
0 20 2686976 10 50
